Wavelength,Flux,Error
3503.10,2.9908e+01,1.2456e+01
3503.87,2.8447e+01,1.1952e+01
3504.65,3.3305e+01,1.1854e+01
3505.42,-2.6394e+01,1.1947e+01
3506.20,1.3617e+01,1.1953e+01
3506.97,2.8650e+01,1.2044e+01
3507.75,1.7763e+01,1.1887e+01
3508.52,-4.0197e+00,1.1738e+01
3509.30,6.5561e+00,1.1635e+01
3510.07,2.5222e+01,1.1733e+01
3510.85,2.4329e+01,1.1689e+01
3511.62,2.5042e+01,1.1517e+01
3512.40,1.6863e+01,1.1375e+01
3513.17,2.2476e+01,1.1304e+01
3513.95,9.4559e+00,1.1299e+01
3514.72,4.7130e+00,1.1296e+01
3515.50,-8.2498e+00,1.1335e+01
3516.27,1.6415e+01,1.1326e+01
3517.05,1.8159e+01,1.1202e+01
3517.82,-1.8983e+00,1.1115e+01
3518.60,-4.9387e+00,1.1163e+01
3519.37,1.9529e+01,1.1151e+01
3520.15,2.1263e+01,1.1142e+01
3520.92,-4.2774e+00,1.0870e+01
3521.70,2.8804e+01,1.0844e+01
3522.47,-1.6393e+01,1.0932e+01
3523.25,-2.1702e+00,1.0817e+01
3524.02,-2.3515e+01,1.0908e+01
3524.80,-2.4319e+01,1.1038e+01
3525.57,9.1127e+00,1.0752e+01
3526.35,4.7839e+01,1.0595e+01
3527.12,1.5733e+01,1.0640e+01
3527.90,1.8962e+01,1.0647e+01
3528.67,3.9932e+01,1.0770e+01
3529.45,7.8674e+00,1.0809e+01
3530.22,1.3917e+00,1.0751e+01
3531.00,-1.2248e+01,1.0688e+01
3531.77,2.4820e+00,1.0600e+01
3532.55,-1.9655e+01,1.0622e+01
3533.32,2.6573e+01,1.0651e+01
3534.10,3.7345e+01,1.0695e+01
3534.87,1.5617e+01,1.0577e+01
3535.65,1.6708e+01,1.0619e+01
3536.42,1.6998e+01,1.0700e+01
3537.20,8.6482e+00,1.0593e+01
3537.97,6.7905e+00,1.0572e+01
3538.75,-5.2724e+00,1.0603e+01
3539.52,2.8120e+01,1.0662e+01
3540.30,7.1432e+00,1.0603e+01
3541.07,-1.0700e+00,1.0531e+01
3541.85,3.3626e+00,1.0544e+01
3542.62,7.8201e+00,1.0550e+01
3543.40,1.0923e+01,1.0489e+01
3544.17,2.6127e+01,1.0561e+01
3544.95,1.3084e+01,1.0497e+01
3545.72,4.4460e+01,1.0504e+01
3546.50,3.8108e+01,1.0502e+01
3547.27,2.0424e+01,1.0380e+01
3548.05,3.1476e+01,1.0305e+01
3548.82,-2.0335e+00,1.0349e+01
3549.60,-8.2567e+00,1.0413e+01
3550.37,-1.2151e+01,1.0434e+01
3551.15,1.7508e+01,1.0274e+01
3551.92,2.0961e+00,1.0189e+01
3552.70,4.2903e+00,1.0243e+01
3553.47,-1.5883e+01,1.0177e+01
3554.25,-1.1063e+01,1.0209e+01
3555.02,2.4196e+01,1.0079e+01
3555.80,1.9416e+01,1.0004e+01
3556.57,-8.0583e+00,1.0020e+01
3557.35,2.7686e+01,9.8569e+00
3558.12,2.1268e+01,9.7720e+00
3558.90,-1.1899e+01,9.7077e+00
3559.67,2.7230e+00,9.7600e+00
3560.44,2.4548e+01,9.7692e+00
3561.22,5.1495e+01,9.7330e+00
3561.99,4.5678e+01,9.8419e+00
3562.77,2.3912e+01,9.7605e+00
3563.54,2.7780e+01,9.5651e+00
3564.32,1.7950e+01,9.5053e+00
3565.09,5.9563e+00,9.5216e+00
3565.87,7.6560e+00,9.3659e+00
3566.64,-6.2740e+00,9.2224e+00
3567.42,-1.3089e+01,9.2147e+00
3568.19,2.6406e+00,9.2613e+00
3568.97,1.6021e+01,9.1299e+00
3569.74,-1.4271e+00,9.0013e+00
3570.52,1.0731e+01,9.0136e+00
3571.29,1.8015e+01,9.0258e+00
3572.07,5.4980e+00,8.9403e+00
3572.84,-1.1403e+01,8.8754e+00
3573.62,1.5510e+01,8.8403e+00
3574.39,2.3619e+01,8.8441e+00
3575.17,3.1827e+00,8.9763e+00
3575.94,2.8456e+01,9.1555e+00
3576.72,4.7848e+01,9.3199e+00
3577.49,5.8575e+00,9.2385e+00
3578.27,6.6414e-02,8.9102e+00
3579.04,-1.8503e+00,8.6634e+00
3579.82,5.1329e+00,8.7462e+00
3580.59,1.9406e+01,8.6924e+00
3581.37,2.9318e+01,8.6134e+00
3582.14,1.9710e+01,8.6620e+00
3582.92,2.4481e+01,8.7193e+00
3583.69,8.7716e+00,8.7455e+00
3584.47,-1.1401e+01,8.6898e+00
3585.24,2.6412e+00,8.6386e+00
3586.02,-3.5879e+00,8.6066e+00
3586.79,5.6839e+00,8.5617e+00
3587.57,2.1041e+01,8.5529e+00
3588.34,-1.1399e+01,8.5867e+00
3589.12,-6.6539e+00,8.5297e+00
3589.89,-1.1137e+01,8.5608e+00
3590.67,-2.5468e+01,8.6257e+00
3591.44,1.4625e+00,8.6751e+00
3592.22,1.2366e+01,8.6093e+00
3592.99,5.1270e+00,8.5403e+00
3593.77,-9.1018e+00,8.5501e+00
3594.54,-1.8326e+00,8.5656e+00
3595.32,-8.9063e+00,8.5754e+00
3596.09,-2.2372e+01,8.5204e+00
3596.87,1.0664e+01,8.4219e+00
3597.64,1.5780e+01,8.4276e+00
3598.42,3.7046e+01,8.4427e+00
3599.19,3.1892e+01,8.6657e+00
3599.97,6.5645e+00,8.6489e+00
3600.74,9.5450e+00,8.5339e+00
3601.52,1.7102e+00,8.2952e+00
3602.29,-5.0382e+00,8.3767e+00
3603.07,1.0383e+01,8.4509e+00
3603.84,5.5135e-01,8.2513e+00
3604.62,2.2622e+01,8.1960e+00
3605.39,9.4742e+00,8.1322e+00
3606.17,2.4516e+01,8.1226e+00
3606.94,3.2667e+01,8.0642e+00
3607.72,2.4168e+01,8.0639e+00
3608.49,2.4853e+00,8.0243e+00
3609.27,1.3770e+01,8.0178e+00
3610.04,-5.7737e+00,7.9605e+00
3610.82,9.0610e+00,7.8911e+00
3611.59,1.1329e+00,7.9040e+00
3612.37,3.2901e+01,7.8595e+00
3613.14,3.3048e+01,7.7811e+00
3613.92,5.9307e+00,7.7799e+00
3614.69,2.2722e+01,7.8577e+00
3615.47,2.1981e+01,7.9350e+00
3616.24,-3.3870e+00,7.9823e+00
3617.02,-1.6678e+01,7.8562e+00
3617.79,5.9651e-01,7.6512e+00
3618.56,-1.0604e+00,7.6439e+00
3619.34,2.1650e+01,7.8712e+00
3620.11,6.1287e+00,7.6683e+00
3620.89,2.8720e+01,7.5070e+00
3621.66,-1.9756e+00,7.5624e+00
3622.44,-4.1269e+00,7.6625e+00
3623.21,3.1060e+00,7.5955e+00
3623.99,1.2572e+01,7.4852e+00
3624.76,5.0513e+00,7.4925e+00
3625.54,-6.5631e-01,7.5878e+00
3626.31,2.5455e+01,7.6115e+00
3627.09,1.3758e+01,7.5624e+00
3627.86,1.3431e+01,7.5138e+00
3628.64,-8.0122e+00,7.4935e+00
3629.41,-7.8458e+00,7.4733e+00
3630.19,1.8969e+01,7.3741e+00
3630.96,4.3574e+01,7.2632e+00
3631.74,3.5068e+01,7.3104e+00
3632.51,2.6235e+01,7.2915e+00
3633.29,2.0443e+01,7.3087e+00
3634.06,-5.7318e+00,7.3043e+00
3634.84,7.3788e+00,7.3359e+00
3635.61,1.9453e+01,7.3857e+00
3636.39,2.0621e+01,7.4074e+00
3637.16,7.0102e+00,7.5489e+00
3637.94,-6.1378e-01,7.5668e+00
3638.71,2.0141e+01,7.4309e+00
3639.49,7.3922e+00,7.4734e+00
3640.26,2.4527e+00,7.4026e+00
3641.04,1.5711e+01,7.2574e+00
3641.81,1.1201e+01,7.1589e+00
3642.59,9.9478e+00,7.1735e+00
3643.36,2.5853e+01,7.1748e+00
3644.14,1.5728e+01,7.0397e+00
3644.91,1.6359e+01,6.9658e+00
3645.69,2.2128e+01,6.8934e+00
3646.46,2.6775e+01,6.8847e+00
3647.24,4.3411e+00,6.8752e+00
3648.01,6.1677e+00,6.8327e+00
3648.79,-3.7716e+00,6.6810e+00
3649.56,2.8408e+00,6.6713e+00
3650.34,3.2992e+00,6.6995e+00
3651.11,1.8676e+01,6.7012e+00
3651.89,5.7754e+00,6.7236e+00
3652.66,5.5726e+00,6.7456e+00
3653.44,1.0889e+01,6.7223e+00
3654.21,1.0395e+01,6.6522e+00
3654.99,1.3014e+01,6.6843e+00
3655.76,2.6620e+01,6.6755e+00
3656.54,1.4739e+01,6.6073e+00
3657.31,8.7630e+00,6.6111e+00
3658.09,3.6300e+01,6.5991e+00
3658.86,1.7868e+01,6.5501e+00
3659.64,1.1019e+01,6.5156e+00
3660.41,1.4013e+01,6.5058e+00
3661.19,1.8930e+01,6.5392e+00
3661.96,2.2527e+01,6.4737e+00
3662.74,1.4070e+01,6.4118e+00
3663.51,1.0865e+01,6.3283e+00
3664.29,-4.5160e+00,6.3870e+00
3665.06,6.2047e+00,6.3660e+00
3665.84,2.0990e+01,6.3590e+00
3666.61,1.1319e+01,6.3401e+00
3667.39,1.5383e-01,6.3638e+00
3668.16,1.3053e+01,6.4255e+00
3668.94,2.4984e+01,6.2941e+00
3669.71,2.5373e+01,6.2237e+00
3670.49,1.6294e+01,6.1622e+00
3671.26,-1.0333e+01,6.1942e+00
3672.04,1.3429e+01,6.1688e+00
3672.81,1.9032e+01,6.1680e+00
3673.59,-1.2840e+00,6.1408e+00
3674.36,1.4106e+00,6.1589e+00
3675.14,9.0953e+00,6.1763e+00
3675.91,1.1920e+01,6.1281e+00
3676.69,9.3033e+00,6.0695e+00
3677.46,1.1933e+01,6.0247e+00
3678.23,8.1769e+00,6.0105e+00
3679.01,1.4157e+01,6.0059e+00
3679.78,2.2485e+01,5.9939e+00
3680.56,2.4666e+01,5.9260e+00
3681.33,2.4288e+01,5.9597e+00
3682.11,7.2327e+00,5.9345e+00
3682.88,2.0664e+00,5.8941e+00
3683.66,9.9574e+00,5.9120e+00
3684.43,9.5520e+00,5.9065e+00
3685.21,1.1198e+01,5.8683e+00
3685.98,-6.4049e+00,5.8373e+00
3686.76,6.6049e+00,5.8191e+00
3687.53,1.8519e+01,5.7552e+00
3688.31,-8.9547e-01,5.6851e+00
3689.08,1.7237e+01,5.7491e+00
3689.86,-7.1075e-01,5.7439e+00
3690.63,1.1896e+01,5.7115e+00
3691.41,2.2745e+01,5.7223e+00
3692.18,1.2679e+01,5.7402e+00
3692.96,1.0768e+01,5.6857e+00
3693.73,1.2976e+01,5.6488e+00
3694.51,5.5846e+00,5.5981e+00
3695.28,7.4431e+00,5.5527e+00
3696.06,5.3073e+00,5.5563e+00
3696.83,7.1255e+00,5.5559e+00
3697.61,3.2618e+00,5.5499e+00
3698.38,1.4841e+01,5.5643e+00
3699.16,1.6767e+01,5.5938e+00
3699.93,1.2259e+00,5.5587e+00
3700.71,4.2132e+00,5.5073e+00
3701.48,1.7076e+01,5.4794e+00
3702.26,2.4246e+01,5.4465e+00
3703.03,1.5718e+01,5.4115e+00
3703.81,1.5097e+01,5.3411e+00
3704.58,9.7607e+00,5.2395e+00
3705.36,7.4915e+00,5.2134e+00
3706.13,4.7043e+00,5.1761e+00
3706.91,1.6304e+01,5.2072e+00
3707.68,1.5966e+01,5.1964e+00
3708.46,-9.9912e-01,5.1674e+00
3709.23,-1.7135e+00,5.1532e+00
3710.01,-1.0996e+00,5.1620e+00
3710.78,5.7478e+00,5.1839e+00
3711.56,-3.0305e+00,5.1828e+00
3712.33,-7.0443e+00,5.1560e+00
3713.11,2.0708e+01,5.1940e+00
3713.88,8.4093e+00,5.2238e+00
3714.66,-2.9134e+00,5.2711e+00
3715.43,1.5696e+00,5.1443e+00
3716.21,-6.8586e+00,5.0644e+00
3716.98,1.1379e+01,5.0625e+00
3717.76,2.4892e+00,5.0363e+00
3718.53,-1.3801e+01,4.9897e+00
3719.31,-6.7100e+00,4.9325e+00
3720.08,4.5999e+00,4.8558e+00
3720.86,7.5268e+00,4.8108e+00
3721.63,3.0586e+00,4.7881e+00
3722.41,-3.5004e+00,4.8341e+00
3723.18,1.2175e+01,4.9263e+00
3723.96,1.6490e+01,4.9664e+00
3724.73,2.0389e+01,4.9463e+00
3725.51,9.0816e+00,4.9694e+00
3726.28,1.2839e+01,4.9400e+00
3727.06,2.7401e+01,4.8147e+00
3727.83,1.3248e+01,4.7095e+00
3728.61,1.3395e+01,4.7294e+00
3729.38,2.4235e+01,4.7339e+00
3730.16,1.9935e+01,4.6892e+00
3730.93,1.1906e+01,4.6706e+00
3731.71,2.6033e+01,4.6689e+00
3732.48,8.7628e+00,4.6548e+00
3733.26,1.1835e+01,4.7020e+00
3734.03,1.7786e+01,4.5519e+00
3734.81,7.0716e+00,4.4627e+00
3735.58,1.1697e+01,4.4492e+00
3736.36,1.7829e+01,4.4089e+00
3737.13,2.3964e+01,4.4010e+00
3737.90,2.4845e+01,4.4415e+00
3738.68,1.8528e+01,4.4834e+00
3739.45,2.5643e+01,4.4974e+00
3740.23,2.2238e+01,4.5697e+00
3741.00,2.3324e+01,4.5631e+00
3741.78,-1.5021e+00,4.5491e+00
3742.55,2.1170e+01,4.4838e+00
3743.33,2.0639e+01,4.3776e+00
3744.10,1.1017e+01,4.3229e+00
3744.88,3.1407e+00,4.2894e+00
3745.65,1.7119e+01,4.2649e+00
3746.43,1.4803e+01,4.2473e+00
3747.20,1.1949e+01,4.2613e+00
3747.98,9.9362e+00,4.2524e+00
3748.75,1.6939e+01,4.2008e+00
3749.53,1.7515e+01,4.1820e+00
3750.30,9.2496e+00,4.2156e+00
3751.08,1.7248e+01,4.2646e+00
3751.85,2.0937e+01,4.2854e+00
3752.63,4.8142e+00,4.2715e+00
3753.40,1.2367e+01,4.2862e+00
3754.18,3.0235e+01,4.2795e+00
3754.95,1.4353e+01,4.2989e+00
3755.73,1.4783e+01,4.3020e+00
3756.50,1.2465e+01,4.2532e+00
3757.28,1.0796e+01,4.1561e+00
3758.05,6.5532e+00,4.1110e+00
3758.83,-5.2554e+00,4.0877e+00
3759.60,-5.4060e+00,4.0980e+00
3760.38,6.2261e+00,4.1136e+00
3761.15,-3.6978e-01,4.1206e+00
3761.93,2.7535e+01,4.1227e+00
3762.70,1.1473e+01,4.1158e+00
3763.48,1.5348e+01,4.0555e+00
3764.25,6.4665e+00,4.0896e+00
3765.03,5.6685e+00,4.1286e+00
3765.80,1.8433e+01,4.0993e+00
3766.58,1.6181e+01,4.1046e+00
3767.35,6.1337e+00,4.0333e+00
3768.13,1.1488e+01,3.9706e+00
3768.90,1.0401e+01,3.9660e+00
3769.68,1.0675e+01,3.9427e+00
3770.45,1.7384e+01,3.9284e+00
3771.23,1.9534e+01,3.8893e+00
3772.00,-5.0441e+00,3.8861e+00
3772.78,1.6127e+01,3.9190e+00
3773.55,1.4090e+01,3.8888e+00
3774.33,7.4985e+00,3.8716e+00
3775.10,5.9176e-01,3.8692e+00
3775.88,1.9111e+01,3.8605e+00
3776.65,2.1214e+01,3.8391e+00
3777.43,2.0572e+01,3.8384e+00
3778.20,1.3692e+01,3.8187e+00
3778.98,2.1937e+01,3.7948e+00
3779.75,1.3608e+01,3.7947e+00
3780.53,-1.9221e-01,3.8022e+00
3781.30,1.3156e+01,3.8044e+00
3782.08,6.5719e+00,3.7829e+00
3782.85,3.9443e+00,3.7701e+00
3783.63,4.1097e+00,3.7521e+00
3784.40,2.2724e+01,3.7622e+00
3785.18,3.5393e+00,3.7442e+00
3785.95,7.4857e+00,3.6932e+00
3786.73,-1.1894e+00,3.6515e+00
3787.50,1.6667e+01,3.6279e+00
3788.28,2.0393e+01,3.6228e+00
3789.05,7.2488e+00,3.6075e+00
3789.83,3.9835e+00,3.6171e+00
3790.60,3.3445e+00,3.6249e+00
3791.38,2.0149e+01,3.6407e+00
3792.15,2.1083e+01,3.6096e+00
3792.93,1.6277e+01,3.5704e+00
3793.70,4.5929e+00,3.7033e+00
3794.48,-2.9629e-01,4.0722e+00
3795.25,2.1137e+01,3.5087e+00
3796.02,9.4840e+00,3.5097e+00
3796.80,1.0620e+01,3.5116e+00
3797.57,5.3682e+00,3.4754e+00
3798.35,7.4339e+00,3.4310e+00
3799.12,6.5887e+00,3.4244e+00
3799.90,-8.9175e-01,3.4562e+00
3800.67,6.5617e+00,3.4954e+00
3801.45,1.4489e+01,3.4979e+00
3802.22,6.0354e+00,3.4925e+00
3803.00,5.5918e+00,3.5070e+00
3803.77,1.8720e+01,3.5255e+00
3804.55,8.3893e+00,3.5223e+00
3805.32,1.8965e+01,3.4795e+00
3806.10,1.3585e+01,3.4601e+00
3806.87,1.7715e+01,3.4087e+00
3807.65,1.4789e+01,3.3913e+00
3808.42,4.5629e+00,3.4136e+00
3809.20,1.2818e+01,3.4175e+00
3809.97,1.2642e+01,3.4231e+00
3810.75,1.3171e+01,3.4269e+00
3811.52,1.0940e+01,3.4013e+00
3812.30,1.9333e+01,3.3685e+00
3813.07,1.6526e+01,3.3351e+00
3813.85,2.4642e+01,3.3011e+00
3814.62,1.1783e+01,3.2726e+00
3815.40,1.2398e+01,3.2420e+00
3816.17,-2.8238e+00,3.2119e+00
3816.95,8.5227e+00,3.2355e+00
3817.72,1.3658e+01,3.2579e+00
3818.50,1.7937e+01,3.2590e+00
3819.27,8.8916e+00,3.2330e+00
3820.05,3.4583e+00,3.1640e+00
3820.82,9.8012e+00,3.1291e+00
3821.60,1.0705e+01,3.1405e+00
3822.37,8.0708e+00,3.1702e+00
3823.15,1.7515e+01,3.1771e+00
3823.92,1.0888e+01,3.1348e+00
3824.70,4.7447e+00,3.0833e+00
3825.47,9.8668e+00,3.0668e+00
3826.25,8.7337e+00,3.0426e+00
3827.02,1.6103e+01,3.0352e+00
3827.80,1.0310e+01,3.0474e+00
3828.57,1.2674e+01,3.0346e+00
3829.35,1.8740e+01,3.0153e+00
3830.12,7.4163e+00,3.0105e+00
3830.90,1.0945e+01,3.0215e+00
3831.67,4.7840e+00,2.9984e+00
3832.45,2.5491e+00,2.9504e+00
3833.22,1.0905e+01,2.9464e+00
3834.00,1.8173e+01,2.9978e+00
3834.77,1.4009e+01,2.9856e+00
3835.55,1.2241e+01,2.9516e+00
3836.32,1.0369e+01,2.9375e+00
3837.10,1.5556e+01,2.9138e+00
3837.87,1.2103e+01,2.8855e+00
3838.65,7.5362e-01,2.8556e+00
3839.42,1.1708e+01,2.8510e+00
3840.20,-4.0047e-01,2.8944e+00
3840.97,-1.5706e+00,2.8873e+00
3841.75,2.0543e+00,2.8755e+00
3842.52,1.6252e+01,2.9278e+00
3843.30,6.0719e+00,2.9311e+00
3844.07,5.6240e+00,2.9920e+00
3844.85,1.1078e+01,3.0016e+00
3845.62,3.2303e+00,2.9521e+00
3846.40,4.9003e+00,2.9363e+00
3847.17,7.3632e+00,2.9429e+00
3847.95,1.4718e+01,2.9511e+00
3848.72,1.7471e+01,2.9435e+00
3849.50,1.2310e+01,2.9050e+00
3850.27,9.7485e+00,2.8606e+00
3851.05,6.7835e+00,2.8742e+00
3851.82,1.5748e+01,2.9013e+00
3852.60,-3.9153e-01,2.8965e+00
3853.37,1.0113e+00,2.8631e+00
3854.15,4.0787e+00,2.8557e+00
3854.92,5.9493e+00,2.8510e+00
3855.69,2.9773e+00,2.8289e+00
3856.47,-2.9137e+00,2.8006e+00
3857.24,1.5420e+01,2.7900e+00
3858.02,1.3279e+01,2.8037e+00
3858.79,1.0743e+01,2.7665e+00
3859.57,2.0465e+00,2.7159e+00
3860.34,3.8032e+00,2.6985e+00
3861.12,2.9084e+00,2.7117e+00
3861.89,7.9477e+00,2.7585e+00
3862.67,9.3156e+00,2.7975e+00
3863.44,-7.1286e-01,2.8018e+00
3864.22,2.9441e+00,2.7891e+00
3864.99,2.1904e+00,2.7730e+00
3865.77,7.5422e+00,2.7475e+00
3866.54,6.2890e+00,2.7422e+00
3867.32,1.0869e+01,2.7454e+00
3868.09,5.2893e+00,2.7234e+00
3868.87,-2.9683e+00,2.7156e+00
3869.64,5.3607e+00,2.7518e+00
3870.42,7.5378e+00,2.6929e+00
3871.19,7.6872e+00,2.6305e+00
3871.97,1.5694e+01,2.6205e+00
3872.74,1.5299e+01,2.6363e+00
3873.52,5.3725e+00,2.6521e+00
3874.29,6.4057e+00,2.6955e+00
3875.07,1.1903e+01,2.7303e+00
3875.84,4.6069e+00,2.7512e+00
3876.62,9.1376e+00,2.7474e+00
3877.39,1.2865e+01,2.6928e+00
3878.17,1.1681e+01,2.6442e+00
3878.94,8.8618e-01,2.6332e+00
3879.72,-1.8426e+00,2.6490e+00
3880.49,3.6220e+00,2.6590e+00
3881.27,-1.7636e-01,2.6482e+00
3882.04,1.2975e+01,2.6041e+00
3882.82,2.9934e+00,2.5998e+00
3883.59,5.5331e+00,2.6177e+00
3884.37,1.0318e+01,2.6452e+00
3885.14,6.7513e+00,2.6420e+00
3885.92,1.0126e+01,2.5791e+00
3886.69,8.6244e+00,2.5565e+00
3887.47,5.7962e+00,2.5666e+00
3888.24,7.9843e+00,2.5759e+00
3889.02,9.1045e+00,2.5647e+00
3889.79,1.0445e+01,2.5585e+00
3890.57,1.3479e+01,2.5782e+00
3891.34,1.2355e+01,2.5984e+00
3892.12,4.7101e+00,2.6156e+00
3892.89,1.4188e+00,2.6219e+00
3893.67,1.0573e+01,2.5965e+00
3894.44,6.2099e+00,2.5874e+00
3895.22,8.5744e+00,2.5721e+00
3895.99,9.3303e+00,2.5518e+00
3896.77,1.1684e+01,2.5891e+00
3897.54,4.3178e+00,2.6038e+00
3898.32,2.7172e+00,2.5819e+00
3899.09,6.1353e+00,2.5560e+00
3899.87,1.5286e+01,2.5431e+00
3900.64,2.3911e+01,2.5371e+00
3901.42,1.4023e+01,2.5859e+00
3902.19,1.2163e+01,2.5670e+00
3902.97,1.2050e+01,2.5197e+00
3903.74,6.8679e-01,2.5178e+00
3904.52,8.6519e+00,2.5177e+00
3905.29,1.6585e+01,2.5027e+00
3906.07,4.3555e+00,2.4715e+00
3906.84,3.1774e+00,2.4843e+00
3907.62,7.2065e+00,2.5221e+00
3908.39,1.4058e+01,2.5365e+00
3909.17,1.5225e+01,2.5368e+00
3909.94,8.9504e+00,2.5327e+00
3910.72,1.2161e+01,2.5188e+00
3911.49,1.6102e+01,2.5149e+00
3912.27,1.0735e+01,2.5466e+00
3913.04,9.9059e+00,2.5333e+00
3913.81,6.0660e+00,2.5021e+00
3914.59,4.4088e+00,2.5101e+00
3915.36,-1.0306e+00,2.5123e+00
3916.14,4.0979e+00,2.4889e+00
3916.91,3.8302e+00,2.4691e+00
3917.69,1.1377e+01,2.4657e+00
3918.46,3.5524e+00,2.4541e+00
3919.24,6.1684e+00,2.4423e+00
3920.01,7.4089e+00,2.4250e+00
3920.79,1.0468e+01,2.3929e+00
3921.56,1.4043e+01,2.3728e+00
3922.34,1.0028e+01,2.3767e+00
3923.11,1.2798e+01,2.3798e+00
3923.89,1.2676e+01,2.3909e+00
3924.66,4.4184e+00,2.4021e+00
3925.44,5.0311e+00,2.3937e+00
3926.21,8.1009e+00,2.3726e+00
3926.99,8.0226e+00,2.3612e+00
3927.76,1.6758e+01,2.3207e+00
3928.54,8.0000e+00,2.2826e+00
3929.31,6.7094e+00,2.2658e+00
3930.09,1.7081e+01,2.2525e+00
3930.86,5.6807e+00,2.2410e+00
3931.64,7.1533e+00,2.2271e+00
3932.41,6.5871e+00,2.2005e+00
3933.19,5.1704e+00,2.1715e+00
3933.96,1.2467e+00,2.1536e+00
3934.74,6.8422e-01,2.1632e+00
3935.51,7.8487e+00,2.1657e+00
3936.29,2.7271e+00,2.1850e+00
3937.06,5.8629e+00,2.2025e+00
3937.84,4.2550e+00,2.2149e+00
3938.61,7.5899e+00,2.2323e+00
3939.39,9.2539e+00,2.2527e+00
3940.16,7.8609e+00,2.2746e+00
3940.94,1.1671e+01,2.2768e+00
3941.71,8.3272e+00,2.2784e+00
3942.49,9.5080e+00,2.2772e+00
3943.26,8.3070e+00,2.2666e+00
3944.04,6.2930e+00,2.2413e+00
3944.81,8.7227e+00,2.2342e+00
3945.59,8.5844e+00,2.2734e+00
3946.36,-2.1099e-01,2.3153e+00
3947.14,3.7312e+00,2.3084e+00
3947.91,1.4527e+00,2.2744e+00
3948.69,-5.1202e-01,2.2715e+00
3949.46,9.8791e+00,2.2809e+00
3950.24,-1.6928e+00,2.3031e+00
3951.01,-6.1193e+00,2.3173e+00
3951.79,1.4359e+01,2.3018e+00
3952.56,1.1604e+01,2.2727e+00
3953.34,9.9554e+00,2.2596e+00
3954.11,1.2458e+01,2.2915e+00
3954.89,4.9912e+00,2.3154e+00
3955.66,1.0883e+01,2.2954e+00
3956.44,1.6619e+01,2.2620e+00
3957.21,7.7839e+00,2.2515e+00
3957.99,2.5282e+00,2.2661e+00
3958.76,8.0490e+00,2.2829e+00
3959.54,1.4203e-01,2.2866e+00
3960.31,4.8416e+00,2.2720e+00
3961.09,9.7859e+00,2.2202e+00
3961.86,1.3725e+01,2.1572e+00
3962.64,1.3308e+01,2.1584e+00
3963.41,1.0118e+01,2.2291e+00
3964.19,9.4449e+00,2.2335e+00
3964.96,1.3373e+01,2.1523e+00
3965.74,-9.0128e-01,2.1073e+00
3966.51,5.5269e+00,2.0711e+00
3967.29,1.0006e+01,2.0408e+00
3968.06,1.4302e+01,2.0043e+00
3968.84,7.6782e+00,1.9822e+00
3969.61,6.1094e+00,2.0014e+00
3970.39,2.2870e+00,2.0249e+00
3971.16,-3.9634e-02,2.0440e+00
3971.94,3.0944e+00,2.0570e+00
3972.71,5.1494e+00,2.0795e+00
3973.48,-7.7573e-01,2.1004e+00
3974.26,1.6369e+00,2.1165e+00
3975.03,4.9849e+00,2.1397e+00
3975.81,1.1167e+01,2.1523e+00
3976.58,7.3434e+00,2.1525e+00
3977.36,1.6366e+01,2.1528e+00
3978.13,1.4502e+01,2.1717e+00
3978.91,5.7011e+00,2.1843e+00
3979.68,6.7369e+00,2.1993e+00
3980.46,1.8026e+01,2.2063e+00
3981.23,1.0141e+01,2.2067e+00
3982.01,5.5173e+00,2.1845e+00
3982.78,1.4817e+01,2.1727e+00
3983.56,5.1909e+00,2.1720e+00
3984.33,4.3560e+00,2.1721e+00
3985.11,3.8788e+00,2.1785e+00
3985.88,1.1217e+01,2.1806e+00
3986.66,1.1139e+01,2.1736e+00
3987.43,1.2915e+01,2.1588e+00
3988.21,1.3993e+01,2.1845e+00
3988.98,1.3007e+01,2.1938e+00
3989.76,-3.7598e-01,2.1690e+00
3990.53,9.5579e+00,2.1664e+00
3991.31,7.4194e+00,2.1742e+00
3992.08,1.8875e+01,2.1888e+00
3992.86,1.0861e+01,2.1763e+00
3993.63,1.1821e+01,2.1812e+00
3994.41,1.2658e+01,2.1573e+00
3995.18,1.0388e+01,2.1482e+00
3995.96,1.1093e+01,2.1407e+00
3996.73,1.5229e+01,2.1314e+00
3997.51,1.3304e+01,2.1200e+00
3998.28,1.3011e+01,2.1174e+00
3999.06,8.0744e+00,2.1415e+00
3999.83,9.7477e+00,2.1675e+00
4000.61,1.1838e+01,2.1501e+00
4001.38,1.8841e+01,2.1344e+00
4002.16,1.5806e+01,2.1451e+00
4002.93,1.0005e+01,2.1912e+00
4003.71,8.3576e+00,2.2045e+00
4004.48,1.5348e+01,2.1581e+00
4005.26,9.3099e+00,2.0745e+00
4006.03,7.1825e+00,2.0493e+00
4006.81,1.2838e+01,2.0607e+00
4007.58,1.3388e+01,2.0900e+00
4008.36,1.1144e+01,2.1146e+00
4009.13,1.0912e+01,2.1140e+00
4009.91,1.2020e+01,2.1034e+00
4010.68,1.6641e+01,2.1037e+00
4011.46,8.6737e+00,2.0982e+00
4012.23,1.2924e+01,2.0970e+00
4013.01,1.3515e+01,2.0926e+00
4013.78,1.1111e+01,2.0839e+00
4014.56,1.6955e+01,2.0740e+00
4015.33,9.8341e+00,2.0796e+00
4016.11,3.1221e+00,2.0898e+00
4016.88,1.1545e+01,2.0718e+00
4017.66,4.3464e+00,2.0463e+00
4018.43,1.5294e+01,2.0607e+00
4019.21,1.0395e+01,2.0842e+00
4019.98,9.3438e-01,2.0775e+00
4020.76,1.1143e+01,2.0594e+00
4021.53,5.1428e+00,2.0504e+00
4022.31,-2.1161e-01,2.0551e+00
4023.08,8.4544e+00,2.0540e+00
4023.86,9.9704e+00,2.0452e+00
4024.63,4.5175e+00,2.0557e+00
4025.41,2.5977e+00,2.0739e+00
4026.18,-2.6991e+00,2.0613e+00
4026.96,6.1858e+00,2.0578e+00
4027.73,8.3391e+00,2.0653e+00
4028.51,1.4344e+01,2.0583e+00
4029.28,1.2647e+01,2.0498e+00
4030.06,1.0517e+01,2.0094e+00
4030.83,1.3658e+01,1.9732e+00
4031.61,1.3678e+01,1.9659e+00
4032.38,1.3903e+01,1.9713e+00
4033.15,1.2858e+01,1.9711e+00
4033.93,9.1760e+00,1.9710e+00
4034.70,6.7112e+00,1.9709e+00
4035.48,3.3950e+00,1.9803e+00
4036.25,9.7845e+00,1.9950e+00
4037.03,1.4425e+01,2.0088e+00
4037.80,7.7524e+00,2.0291e+00
4038.58,8.6404e+00,2.0264e+00
4039.35,9.9121e-01,2.0114e+00
4040.13,4.7331e+00,1.9932e+00
4040.90,1.1193e+01,1.9767e+00
4041.68,5.1980e+00,1.9808e+00
4042.45,1.4142e+01,2.0047e+00
4043.23,1.8662e+00,2.0118e+00
4044.00,8.0717e+00,1.9539e+00
4044.78,1.4206e+01,1.9064e+00
4045.55,7.1878e+00,1.8573e+00
4046.33,8.6833e+00,1.8429e+00
4047.10,1.1706e+01,1.9080e+00
4047.88,1.1303e+01,1.9749e+00
4048.65,1.0925e+01,1.9761e+00
4049.43,1.3119e+01,1.9536e+00
4050.20,4.3648e+00,1.9780e+00
4050.98,5.5423e+00,1.9883e+00
4051.75,1.1499e+01,1.9591e+00
4052.53,9.9392e+00,1.9236e+00
4053.30,1.0870e+01,1.9184e+00
4054.08,1.1352e+01,1.9184e+00
4054.85,1.4419e+01,1.9092e+00
4055.63,2.6945e+00,1.9109e+00
4056.40,1.2319e+01,1.9165e+00
4057.18,1.1894e+01,1.9014e+00
4057.95,5.9675e+00,1.8708e+00
4058.73,2.3126e+00,1.8715e+00
4059.50,2.5726e+00,1.9000e+00
4060.28,1.0594e+01,1.9230e+00
4061.05,9.3357e+00,1.9280e+00
4061.83,3.6808e+00,1.9023e+00
4062.60,5.8192e+00,1.8633e+00
4063.38,1.3851e+01,1.8182e+00
4064.15,1.1516e+01,1.8092e+00
4064.93,5.5545e+00,1.8506e+00
4065.70,8.6445e+00,1.8846e+00
4066.48,6.6106e+00,1.8753e+00
4067.25,1.0773e+01,1.8598e+00
4068.03,1.2524e+01,1.8695e+00
4068.80,1.7013e+01,1.8995e+00
4069.58,1.7102e+01,1.9384e+00
4070.35,1.7251e+01,1.9354e+00
4071.13,1.2380e+01,1.8992e+00
4071.90,2.8176e+00,1.8552e+00
4072.68,1.0283e+01,1.8492e+00
4073.45,1.4288e+01,1.8659e+00
4074.23,8.3015e+00,1.8820e+00
4075.00,5.2599e+00,1.8679e+00
4075.78,6.5225e+00,1.8582e+00
4076.55,5.3824e+00,1.8362e+00
4077.33,8.9843e+00,1.8006e+00
4078.10,9.6273e+00,1.7940e+00
4078.88,8.1744e+00,1.8151e+00
4079.65,8.7167e+00,1.8328e+00
4080.43,1.8625e+01,1.8495e+00
4081.20,1.8290e+01,1.8758e+00
4081.98,1.0790e+01,1.8732e+00
4082.75,2.0965e+01,1.8357e+00
4083.53,7.3606e+00,1.8208e+00
4084.30,1.5703e+01,1.8046e+00
4085.08,1.2479e+01,1.8101e+00
4085.85,1.1251e+01,1.8248e+00
4086.63,9.2547e+00,1.8437e+00
4087.40,4.6258e+00,1.8654e+00
4088.18,1.2578e+01,1.8703e+00
4088.95,1.6198e+01,1.8654e+00
4089.73,1.2274e+01,1.8519e+00
4090.50,1.3982e+01,1.8265e+00
4091.27,8.7204e+00,1.8312e+00
4092.05,1.2888e+01,1.8294e+00
4092.82,9.1903e+00,1.8155e+00
4093.60,1.1324e+01,1.8255e+00
4094.37,1.4272e+01,1.8221e+00
4095.15,7.8608e+00,1.8013e+00
4095.92,8.7049e+00,1.7818e+00
4096.70,1.1784e+01,1.7721e+00
4097.47,1.6872e+01,1.7672e+00
4098.25,1.5582e+01,1.7558e+00
4099.02,9.0817e+00,1.7584e+00
4099.80,8.6422e+00,1.7499e+00
4100.57,7.0112e+00,1.7137e+00
4101.35,1.1065e+01,1.6692e+00
4102.12,1.5588e+01,1.6535e+00
4102.90,1.3645e+01,1.6804e+00
4103.67,1.2331e+01,1.7215e+00
4104.45,1.2374e+01,1.7349e+00
4105.22,1.6812e+01,1.7810e+00
4106.00,1.7482e+01,1.7590e+00
4106.77,9.3002e+00,1.7587e+00
4107.55,6.6352e+00,1.7638e+00
4108.32,1.4740e+01,1.7646e+00
4109.10,1.4848e+01,1.7559e+00
4109.87,1.2986e+01,1.7496e+00
4110.65,1.6071e+01,1.7457e+00
4111.42,1.0872e+01,1.7474e+00
4112.20,1.1733e+01,1.7523e+00
4112.97,1.1102e+01,1.7737e+00
4113.75,9.9992e+00,1.8099e+00
4114.52,1.3609e+01,1.7983e+00
4115.30,1.6985e+01,1.7602e+00
4116.07,1.9052e+01,1.7661e+00
4116.85,2.2248e+01,1.7724e+00
4117.62,1.8558e+01,1.7577e+00
4118.40,2.1282e+01,1.7323e+00
4119.17,1.4037e+01,1.7069e+00
4119.95,1.8226e+01,1.7143e+00
4120.72,1.1279e+01,1.7342e+00
4121.50,1.2371e+01,1.7339e+00
4122.27,2.0519e+01,1.7266e+00
4123.05,1.3928e+01,1.7249e+00
4123.82,1.6638e+01,1.7369e+00
4124.60,1.8021e+01,1.7733e+00
4125.37,1.4632e+01,1.7447e+00
4126.15,1.1543e+01,1.7142e+00
4126.92,1.5101e+01,1.7091e+00
4127.70,1.3686e+01,1.7014e+00
4128.47,1.7145e+01,1.7027e+00
4129.25,1.3414e+01,1.7051e+00
4130.02,1.4600e+01,1.7041e+00
4130.80,1.2550e+01,1.7111e+00
4131.57,1.4322e+01,1.6822e+00
4132.35,1.3861e+01,1.6407e+00
4133.12,1.2705e+01,1.6472e+00
4133.90,1.3741e+01,1.6711e+00
4134.67,1.2075e+01,1.6775e+00
4135.45,1.7192e+01,1.6911e+00
4136.22,2.0676e+01,1.7052e+00
4137.00,7.3109e+00,1.7083e+00
4137.77,1.0639e+01,1.7020e+00
4138.55,1.3807e+01,1.7051e+00
4139.32,6.4026e+00,1.7157e+00
4140.10,8.9436e+00,1.7068e+00
4140.87,-7.2579e-01,1.7051e+00
4141.65,1.4626e+01,1.6959e+00
4142.42,1.4897e+01,1.6758e+00
4143.20,1.8253e+01,1.6445e+00
4143.97,1.2892e+01,1.6095e+00
4144.75,9.5549e+00,1.6409e+00
4145.52,1.9886e+01,1.6675e+00
4146.30,4.5102e+00,1.6677e+00
4147.07,1.3086e+01,1.6663e+00
4147.85,1.1243e+01,1.6663e+00
4148.62,6.9494e+00,1.6625e+00
4149.40,1.3088e+01,1.6450e+00
4150.17,7.8604e+00,1.6257e+00
4150.94,8.9522e+00,1.6352e+00
4151.72,2.0413e+01,1.6348e+00
4152.49,1.0710e+01,1.6346e+00
4153.27,1.6687e+01,1.6380e+00
4154.04,1.5180e+01,1.6073e+00
4154.82,1.5260e+01,1.5946e+00
4155.59,1.3606e+01,1.6218e+00
4156.37,7.1508e+00,1.6112e+00
4157.14,7.9881e+00,1.5953e+00
4157.92,1.3079e+01,1.6121e+00
4158.69,1.6987e+01,1.6212e+00
4159.47,9.6604e+00,1.6196e+00
4160.24,1.3282e+01,1.6282e+00
4161.02,1.5218e+01,1.6217e+00
4161.79,1.3172e+01,1.6171e+00
4162.57,9.1554e+00,1.6341e+00
4163.34,1.4840e+01,1.6311e+00
4164.12,1.9832e+01,1.6274e+00
4164.89,1.6329e+01,1.6226e+00
4165.67,1.4317e+01,1.6201e+00
4166.44,1.2911e+01,1.6032e+00
4167.22,1.3916e+01,1.6137e+00
4167.99,3.9385e+00,1.5883e+00
4168.77,1.3008e+01,1.5987e+00
4169.54,1.0860e+01,1.6452e+00
4170.32,7.0352e+00,1.6432e+00
4171.09,1.0917e+01,1.5929e+00
4171.87,1.3221e+01,1.5577e+00
4172.64,1.0461e+01,1.5321e+00
4173.42,1.1430e+01,1.5256e+00
4174.19,1.0383e+01,1.5393e+00
4174.97,5.4283e+00,1.5544e+00
4175.74,1.1641e+01,1.5554e+00
4176.52,1.3861e+01,1.5514e+00
4177.29,1.2446e+01,1.5387e+00
4178.07,8.9237e+00,1.5350e+00
4178.84,4.1523e+00,1.5420e+00
4179.62,1.0901e+01,1.5476e+00
4180.39,9.8810e+00,1.5584e+00
4181.17,7.0711e+00,1.5438e+00
4181.94,9.1605e+00,1.5240e+00
4182.72,5.3954e+00,1.5228e+00
4183.49,7.9289e+00,1.5270e+00
4184.27,7.7166e+00,1.5339e+00
4185.04,6.8362e+00,1.5481e+00
4185.82,6.7802e+00,1.5533e+00
4186.59,1.3771e+01,1.5210e+00
4187.37,1.2442e+01,1.4839e+00
4188.14,1.1615e+01,1.4830e+00
4188.92,1.3484e+01,1.5149e+00
4189.69,1.3966e+01,1.5301e+00
4190.47,1.7708e+01,1.5336e+00
4191.24,1.5871e+01,1.5192e+00
4192.02,2.0149e+01,1.5087e+00
4192.79,1.7199e+01,1.5315e+00
4193.57,1.6079e+01,1.5488e+00
4194.34,1.2540e+01,1.5347e+00
4195.12,1.0995e+01,1.5251e+00
4195.89,9.7611e+00,1.5047e+00
4196.67,1.5441e+01,1.5050e+00
4197.44,1.3163e+01,1.5599e+00
4198.22,1.1378e+01,1.5124e+00
4198.99,1.1657e+01,1.4625e+00
4199.77,1.0508e+01,1.4625e+00
4200.54,1.2137e+01,1.4763e+00
4201.32,8.3525e+00,1.4628e+00
4202.09,1.4631e+01,1.4439e+00
4202.87,1.3776e+01,1.4536e+00
4203.64,1.2746e+01,1.4680e+00
4204.42,1.3940e+01,1.4685e+00
4205.19,1.3837e+01,1.4726e+00
4205.97,1.2695e+01,1.4843e+00
4206.74,1.3824e+01,1.4907e+00
4207.52,1.5874e+01,1.4945e+00
4208.29,1.5936e+01,1.5033e+00
4209.07,1.3569e+01,1.5045e+00
4209.84,1.2982e+01,1.4897e+00
4210.61,1.7287e+01,1.4846e+00
4211.39,1.7277e+01,1.4914e+00
4212.16,1.4510e+01,1.4980e+00
4212.94,9.3495e+00,1.5040e+00
4213.71,1.2375e+01,1.4993e+00
4214.49,1.5761e+01,1.5076e+00
4215.26,2.0620e+01,1.4648e+00
4216.04,1.6606e+01,1.4320e+00
4216.81,9.2080e+00,1.4309e+00
4217.59,1.5896e+01,1.4434e+00
4218.36,1.6110e+01,1.4535e+00
4219.14,1.3101e+01,1.4481e+00
4219.91,1.0592e+01,1.4461e+00
4220.69,1.0297e+01,1.4636e+00
4221.46,1.4730e+01,1.4706e+00
4222.24,1.5305e+01,1.4513e+00
4223.01,1.4846e+01,1.4329e+00
4223.79,1.5127e+01,1.4269e+00
4224.56,1.4253e+01,1.4063e+00
4225.34,1.5188e+01,1.3909e+00
4226.11,1.6786e+01,1.3427e+00
4226.89,1.2081e+01,1.2980e+00
4227.66,1.2913e+01,1.3227e+00
4228.44,1.3436e+01,1.4342e+00
4229.21,1.8159e+01,1.4709e+00
4229.99,1.4033e+01,1.4393e+00
4230.76,1.2323e+01,1.4343e+00
4231.54,1.4562e+01,1.4339e+00
4232.31,1.5630e+01,1.4298e+00
4233.09,1.3709e+01,1.4022e+00
4233.86,1.6520e+01,1.3947e+00
4234.64,2.2179e+01,1.4158e+00
4235.41,2.1900e+01,1.3962e+00
4236.19,1.1247e+01,1.3628e+00
4236.96,1.2945e+01,1.3665e+00
4237.74,1.6339e+01,1.3870e+00
4238.51,1.7482e+01,1.3922e+00
4239.29,1.3740e+01,1.3859e+00
4240.06,1.0242e+01,1.3768e+00
4240.84,1.2072e+01,1.3954e+00
4241.61,1.6439e+01,1.4137e+00
4242.39,1.5344e+01,1.3958e+00
4243.16,1.0775e+01,1.3738e+00
4243.94,1.6565e+01,1.3936e+00
4244.71,9.4955e+00,1.4368e+00
4245.49,6.3217e+00,1.4124e+00
4246.26,9.6057e+00,1.4023e+00
4247.04,1.1001e+01,1.3820e+00
4247.81,1.5011e+01,1.3649e+00
4248.59,1.6347e+01,1.3628e+00
4249.36,1.4234e+01,1.3581e+00
4250.14,1.8110e+01,1.3325e+00
4250.91,2.2705e+01,1.3312e+00
4251.69,1.6828e+01,1.3802e+00
4252.46,1.9094e+01,1.4024e+00
4253.24,1.5590e+01,1.3944e+00
4254.01,2.0678e+01,1.3686e+00
4254.79,1.4093e+01,1.3496e+00
4255.56,1.1681e+01,1.3518e+00
4256.34,1.7393e+01,1.3692e+00
4257.11,1.3976e+01,1.4031e+00
4257.89,1.0434e+01,1.3892e+00
4258.66,1.9291e+01,1.3577e+00
4259.44,1.9416e+01,1.3423e+00
4260.21,2.1724e+01,1.3069e+00
4260.99,1.8690e+01,1.2902e+00
4261.76,1.3244e+01,1.3293e+00
4262.54,1.9863e+01,1.3781e+00
4263.31,1.1517e+01,1.4067e+00
4264.09,1.4063e+01,1.4070e+00
4264.86,2.4973e+01,1.3657e+00
4265.64,1.5860e+01,1.3723e+00
4266.41,1.8908e+01,1.3773e+00
4267.19,7.8379e+00,1.3561e+00
4267.96,1.4161e+01,1.3411e+00
4268.73,1.7616e+01,1.3380e+00
4269.51,1.3397e+01,1.3373e+00
4270.28,9.0882e+00,1.3196e+00
4271.06,1.2186e+01,1.2843e+00
4271.83,1.4568e+01,1.2456e+00
4272.61,1.7206e+01,1.2754e+00
4273.38,1.0012e+01,1.3080e+00
4274.16,1.8362e+01,1.2952e+00
4274.93,1.2583e+01,1.2792e+00
4275.71,7.0405e+00,1.2928e+00
4276.48,1.2668e+01,1.3463e+00
4277.26,2.4437e+01,1.3627e+00
4278.03,7.7457e+00,1.3400e+00
4278.81,1.6354e+01,1.3431e+00
4279.58,1.9347e+01,1.3249e+00
4280.36,1.6496e+01,1.2930e+00
4281.13,1.6283e+01,1.2957e+00
4281.91,1.9303e+01,1.3161e+00
4282.68,1.8308e+01,1.3059e+00
4283.46,2.3224e+01,1.3181e+00
4284.23,1.5342e+01,1.3316e+00
4285.01,1.4281e+01,1.3071e+00
4285.78,1.6899e+01,1.2858e+00
4286.56,1.8347e+01,1.2842e+00
4287.33,1.5433e+01,1.2928e+00
4288.11,1.4058e+01,1.2985e+00
4288.88,1.5395e+01,1.2837e+00
4289.66,1.9928e+01,1.2556e+00
4290.43,1.3701e+01,1.2506e+00
4291.21,1.1724e+01,1.2675e+00
4291.98,1.0232e+01,1.2996e+00
4292.76,9.2531e+00,1.3293e+00
4293.53,1.5116e+01,1.3238e+00
4294.31,1.4273e+01,1.2929e+00
4295.08,1.7923e+01,1.2800e+00
4295.86,2.0583e+01,1.2885e+00
4296.63,1.7423e+01,1.2794e+00
4297.41,1.1930e+01,1.2603e+00
4298.18,1.3282e+01,1.2522e+00
4298.96,2.0567e+01,1.2271e+00
4299.73,1.5399e+01,1.2357e+00
4300.51,1.7599e+01,1.2204e+00
4301.28,1.7679e+01,1.2239e+00
4302.06,1.6071e+01,1.2274e+00
4302.83,1.8398e+01,1.2118e+00
4303.61,2.0196e+01,1.2126e+00
4304.38,1.6782e+01,1.2258e+00
4305.16,2.0060e+01,1.2217e+00
4305.93,2.1624e+01,1.2186e+00
4306.71,1.5626e+01,1.2266e+00
4307.48,1.8947e+01,1.2036e+00
4308.26,2.3750e+01,1.1795e+00
4309.03,1.9581e+01,1.1792e+00
4309.81,1.7452e+01,1.1887e+00
4310.58,1.4731e+01,1.1996e+00
4311.36,1.4820e+01,1.2028e+00
4312.13,1.6111e+01,1.2129e+00
4312.91,1.5275e+01,1.2242e+00
4313.68,1.9174e+01,1.2645e+00
4314.46,2.2504e+01,1.3143e+00
4315.23,2.2032e+01,1.3008e+00
4316.01,1.3091e+01,1.3209e+00
4316.78,1.0692e+01,1.3548e+00
4317.56,7.2906e+00,1.3452e+00
4318.33,1.2121e+01,1.3347e+00
4319.11,1.5418e+01,1.3283e+00
4319.88,1.2885e+01,1.3298e+00
4320.66,1.6860e+01,1.3019e+00
4321.43,1.1689e+01,1.2899e+00
4322.21,1.4379e+01,1.2940e+00
4322.98,1.4154e+01,1.2650e+00
4323.76,1.4631e+01,1.2147e+00
4324.53,1.4799e+01,1.2002e+00
4325.31,1.5209e+01,1.1873e+00
4326.08,1.3678e+01,1.1809e+00
4326.86,1.9567e+01,1.2346e+00
4327.63,2.2439e+01,1.2903e+00
4328.40,1.4541e+01,1.2889e+00
4329.18,9.4864e+00,1.2898e+00
4329.95,1.6933e+01,1.2804e+00
4330.73,1.7209e+01,1.2670e+00
4331.50,1.7309e+01,1.2696e+00
4332.28,1.4734e+01,1.2788e+00
4333.05,1.7259e+01,1.2780e+00
4333.83,1.9177e+01,1.2909e+00
4334.60,1.7601e+01,1.3057e+00
4335.38,1.1535e+01,1.2948e+00
4336.15,1.4158e+01,1.2756e+00
4336.93,1.6614e+01,1.2524e+00
4337.70,1.8850e+01,1.2170e+00
4338.48,1.3804e+01,1.2050e+00
4339.25,1.3534e+01,1.1960e+00
4340.03,1.5471e+01,1.1679e+00
4340.80,1.5687e+01,1.1503e+00
4341.58,1.4584e+01,1.1817e+00
4342.35,1.1809e+01,1.2192e+00
4343.13,1.5486e+01,1.2290e+00
4343.90,1.6952e+01,1.2203e+00
4344.68,1.4727e+01,1.2364e+00
4345.45,1.9783e+01,1.2516e+00
4346.23,1.9597e+01,1.2553e+00
4347.00,1.4905e+01,1.2499e+00
4347.78,1.2084e+01,1.2465e+00
4348.55,1.5250e+01,1.2555e+00
4349.33,1.6221e+01,1.2770e+00
4350.10,1.8156e+01,1.2781e+00
4350.88,1.4484e+01,1.2436e+00
4351.65,1.8579e+01,1.1991e+00
4352.43,1.1390e+01,1.1815e+00
4353.20,1.2874e+01,1.2138e+00
4353.98,1.2735e+01,1.2439e+00
4354.75,1.5654e+01,1.2371e+00
4355.53,1.5250e+01,1.2325e+00
4356.30,1.8498e+01,1.2377e+00
4357.08,1.5276e+01,1.2536e+00
4357.85,1.5481e+01,1.2556e+00
4358.63,1.0998e+01,1.2366e+00
4359.40,8.2142e+00,1.2213e+00
4360.18,1.2250e+01,1.2302e+00
4360.95,1.0768e+01,1.2486e+00
4361.73,1.0992e+01,1.2629e+00
4362.50,1.2672e+01,1.2565e+00
4363.28,1.4393e+01,1.2406e+00
4364.05,1.3591e+01,1.2420e+00
4364.83,1.3332e+01,1.2582e+00
4365.60,1.5815e+01,1.2627e+00
4366.38,2.0462e+01,1.2528e+00
4367.15,1.2061e+01,1.2342e+00
4367.93,1.0171e+01,1.2228e+00
4368.70,1.5893e+01,1.2361e+00
4369.48,1.4033e+01,1.2389e+00
4370.25,1.6224e+01,1.2246e+00
4371.03,1.3128e+01,1.2229e+00
4371.80,1.5923e+01,1.2297e+00
4372.58,1.7557e+01,1.2304e+00
4373.35,1.3954e+01,1.2155e+00
4374.13,1.1441e+01,1.1996e+00
4374.90,1.0132e+01,1.1856e+00
4375.68,1.4380e+01,1.1887e+00
4376.45,1.8658e+01,1.2071e+00
4377.23,1.4905e+01,1.2230e+00
4378.00,1.3059e+01,1.2315e+00
4378.78,1.4260e+01,1.2325e+00
4379.55,1.6228e+01,1.2253e+00
4380.33,1.5494e+01,1.2179e+00
4381.10,1.5043e+01,1.2202e+00
4381.88,1.0568e+01,1.2277e+00
4382.65,1.5536e+01,1.1816e+00
4383.43,1.3787e+01,1.1107e+00
4384.20,1.4392e+01,1.0995e+00
4384.98,1.5676e+01,1.1299e+00
4385.75,1.6447e+01,1.1691e+00
4386.53,1.7125e+01,1.2058e+00
4387.30,1.1591e+01,1.2007e+00
4388.07,1.6407e+01,1.1866e+00
4388.85,7.1205e+00,1.1863e+00
4389.62,1.1916e+01,1.1866e+00
4390.40,1.2859e+01,1.1773e+00
4391.17,1.0429e+01,1.1793e+00
4391.95,1.3520e+01,1.1880e+00
4392.72,1.6105e+01,1.1967e+00
4393.50,1.1954e+01,1.2025e+00
4394.27,1.4660e+01,1.1887e+00
4395.05,1.9904e+01,1.1778e+00
4395.82,1.2023e+01,1.1781e+00
4396.60,1.6870e+01,1.2030e+00
4397.37,1.8017e+01,1.2163e+00
4398.15,1.6151e+01,1.2118e+00
4398.92,1.4074e+01,1.2075e+00
4399.70,1.2367e+01,1.1986e+00
4400.47,1.1399e+01,1.1791e+00
4401.25,9.2532e+00,1.1664e+00
4402.02,1.1889e+01,1.1857e+00
4402.80,1.4803e+01,1.2066e+00
4403.57,1.2662e+01,1.1902e+00
4404.35,1.6459e+01,1.1443e+00
4405.12,1.7501e+01,1.1274e+00
4405.90,1.8777e+01,1.1726e+00
4406.67,1.8739e+01,1.2086e+00
4407.45,1.3291e+01,1.2019e+00
4408.22,6.9530e+00,1.1894e+00
4409.00,1.3292e+01,1.1767e+00
4409.77,1.0776e+01,1.1944e+00
4410.55,1.5489e+01,1.1970e+00
4411.32,1.5607e+01,1.2050e+00
4412.10,1.1430e+01,1.2132e+00
4412.87,1.1249e+01,1.2164e+00
4413.65,9.5237e+00,1.2077e+00
4414.42,1.1492e+01,1.1808e+00
4415.20,1.9441e+01,1.1370e+00
4415.97,9.2344e+00,1.1573e+00
4416.75,1.6028e+01,1.1885e+00
4417.52,1.7679e+01,1.1802e+00
4418.30,1.5973e+01,1.1760e+00
4419.07,1.3440e+01,1.1894e+00
4419.85,1.3105e+01,1.2116e+00
4420.62,1.5511e+01,1.2104e+00
4421.40,1.0074e+01,1.1952e+00
4422.17,1.1744e+01,1.1709e+00
4422.95,1.7172e+01,1.1593e+00
4423.72,1.3777e+01,1.1688e+00
4424.50,8.9598e+00,1.1811e+00
4425.27,1.2030e+01,1.1762e+00
4426.05,1.7245e+01,1.1714e+00
4426.82,2.1812e+01,1.1724e+00
4427.60,1.4979e+01,1.1693e+00
4428.37,1.4068e+01,1.1798e+00
4429.15,1.5366e+01,1.1861e+00
4429.92,1.5920e+01,1.1670e+00
4430.70,1.2888e+01,1.1484e+00
4431.47,1.0533e+01,1.1605e+00
4432.25,9.6072e+00,1.1732e+00
4433.02,1.2561e+01,1.1644e+00
4433.80,1.3573e+01,1.1585e+00
4434.57,9.2043e+00,1.1379e+00
4435.35,1.4582e+01,1.1174e+00
4436.12,1.2759e+01,1.1261e+00
4436.90,1.2804e+01,1.1528e+00
4437.67,1.6016e+01,1.1697e+00
4438.45,1.0370e+01,1.2357e+00
4439.22,1.6060e+01,1.1765e+00
4440.00,1.4590e+01,1.1680e+00
4440.77,8.9618e+00,1.1524e+00
4441.55,1.2836e+01,1.1443e+00
4442.32,1.7656e+01,1.1286e+00
4443.10,1.5904e+01,1.1161e+00
4443.87,9.9983e+00,1.1261e+00
4444.65,1.4020e+01,1.1409e+00
4445.42,1.1142e+01,1.1583e+00
4446.19,1.0213e+01,1.1652e+00
4446.97,1.1659e+01,1.1479e+00
4447.74,1.0985e+01,1.1286e+00
4448.52,8.5273e+00,1.1398e+00
4449.29,1.3762e+01,1.1532e+00
4450.07,1.6873e+01,1.1468e+00
4450.84,1.2315e+01,1.1353e+00
4451.62,9.0145e+00,1.1695e+00
4452.39,1.3891e+01,1.1793e+00
4453.17,1.1310e+01,1.1668e+00
4453.94,7.0333e+00,1.1366e+00
4454.72,7.0339e+00,1.0902e+00
4455.49,1.0296e+01,1.0764e+00
4456.27,1.4291e+01,1.0919e+00
4457.04,1.1158e+01,1.1033e+00
4457.82,1.3134e+01,1.1023e+00
4458.59,2.0281e+01,1.0976e+00
4459.37,1.7576e+01,1.0866e+00
4460.14,1.7847e+01,1.1026e+00
4460.92,1.9792e+01,1.1040e+00
4461.69,1.0560e+01,1.0794e+00
4462.47,1.2409e+01,1.0806e+00
4463.24,1.6815e+01,1.1081e+00
4464.02,1.3280e+01,1.1194e+00
4464.79,1.4206e+01,1.1056e+00
4465.57,1.5879e+01,1.1060e+00
4466.34,1.4149e+01,1.1111e+00
4467.12,1.3461e+01,1.1070e+00
4467.89,1.2324e+01,1.1136e+00
4468.67,1.3422e+01,1.1024e+00
4469.44,1.1770e+01,1.0864e+00
4470.22,1.5428e+01,1.0854e+00
4470.99,1.6099e+01,1.0968e+00
4471.77,1.6083e+01,1.1085e+00
4472.54,1.3580e+01,1.1108e+00
4473.32,1.2401e+01,1.1098e+00
4474.09,1.2498e+01,1.1194e+00
4474.87,1.4818e+01,1.1195e+00
4475.64,1.9489e+01,1.1053e+00
4476.42,1.4871e+01,1.0993e+00
4477.19,1.4475e+01,1.1123e+00
4477.97,1.3728e+01,1.1234e+00
4478.74,1.6197e+01,1.1405e+00
4479.52,1.5816e+01,1.1205e+00
4480.29,1.4312e+01,1.0930e+00
4481.07,1.6291e+01,1.0739e+00
4481.84,9.2734e+00,1.0589e+00
4482.62,9.8749e+00,1.0601e+00
4483.39,1.5484e+01,1.0848e+00
4484.17,1.3734e+01,1.0981e+00
4484.94,2.0028e+01,1.0988e+00
4485.72,1.4636e+01,1.0999e+00
4486.49,1.3088e+01,1.1025e+00
4487.27,1.9162e+01,1.1000e+00
4488.04,1.2615e+01,1.0886e+00
4488.82,1.2713e+01,1.0736e+00
4489.59,1.3369e+01,1.0645e+00
4490.37,1.2468e+01,1.0651e+00
4491.14,1.2229e+01,1.0733e+00
4491.92,1.5125e+01,1.0842e+00
4492.69,1.6972e+01,1.0910e+00
4493.47,1.2267e+01,1.0859e+00
4494.24,1.2866e+01,1.0669e+00
4495.02,1.2626e+01,1.0623e+00
4495.79,1.4893e+01,1.0692e+00
4496.57,1.6520e+01,1.0688e+00
4497.34,1.5330e+01,1.0703e+00
4498.12,1.2540e+01,1.0836e+00
4498.89,1.4057e+01,1.0780e+00
4499.67,1.4456e+01,1.0839e+00
4500.44,1.5880e+01,1.0840e+00
4501.22,1.6344e+01,1.0637e+00
4501.99,1.2665e+01,1.0573e+00
4502.77,1.1673e+01,1.0742e+00
4503.54,1.3964e+01,1.0910e+00
4504.32,1.1480e+01,1.0869e+00
4505.09,1.7949e+01,1.0853e+00
4505.86,1.4346e+01,1.0836e+00
4506.64,1.1552e+01,1.0857e+00
4507.41,1.2865e+01,1.0791e+00
4508.19,1.3297e+01,1.0723e+00
4508.96,1.5285e+01,1.0689e+00
4509.74,1.6973e+01,1.0741e+00
4510.51,1.5217e+01,1.0795e+00
4511.29,1.4079e+01,1.0803e+00
4512.06,1.1014e+01,1.0708e+00
4512.84,1.5784e+01,1.0610e+00
4513.61,1.6107e+01,1.0583e+00
4514.39,1.2201e+01,1.0535e+00
4515.16,9.2139e+00,1.0507e+00
4515.94,1.1443e+01,1.0567e+00
4516.71,6.2342e+00,1.0629e+00
4517.49,1.3194e+01,1.0537e+00
4518.26,1.4191e+01,1.0434e+00
4519.04,1.5602e+01,1.0510e+00
4519.81,1.2954e+01,1.0553e+00
4520.59,1.5162e+01,1.0521e+00
4521.36,8.8933e+00,1.0602e+00
4522.14,1.1486e+01,1.0733e+00
4522.91,1.5447e+01,1.0385e+00
4523.69,1.5768e+01,1.0420e+00
4524.46,1.2442e+01,1.0441e+00
4525.24,1.0273e+01,1.0342e+00
4526.01,1.2486e+01,1.0252e+00
4526.79,1.3347e+01,1.0103e+00
4527.56,1.5534e+01,1.0120e+00
4528.34,7.2954e+00,1.0061e+00
4529.11,9.4208e+00,9.9781e-01
4529.89,8.4825e+00,1.0133e+00
4530.66,9.2785e+00,1.0151e+00
4531.44,1.1330e+01,1.0102e+00
4532.21,1.1485e+01,1.0313e+00
4532.99,8.8736e+00,1.0281e+00
4533.76,9.1360e+00,1.0077e+00
4534.54,5.7307e+00,1.0029e+00
4535.31,1.1211e+01,9.9898e-01
4536.09,1.3015e+01,9.9931e-01
4536.86,1.0674e+01,1.0268e+00
4537.64,9.2010e+00,1.0467e+00
4538.41,1.1384e+01,1.0437e+00
4539.19,1.2993e+01,1.0311e+00
4539.96,1.0771e+01,1.0268e+00
4540.74,1.2174e+01,1.0199e+00
4541.51,1.2824e+01,1.0184e+00
4542.29,1.1098e+01,1.0245e+00
4543.06,1.5246e+01,1.0341e+00
4543.84,2.2024e+01,1.0386e+00
4544.61,1.8924e+01,1.0217e+00
4545.39,1.2005e+01,1.0131e+00
4546.16,1.0236e+01,1.0192e+00
4546.94,1.2325e+01,1.0171e+00
4547.71,1.4881e+01,1.0148e+00
4548.49,1.3501e+01,1.0167e+00
4549.26,1.6377e+01,9.9673e-01
4550.04,1.9075e+01,9.8878e-01
4550.81,1.4463e+01,1.0082e+00
4551.59,1.5478e+01,1.0344e+00
4552.36,1.3920e+01,1.0546e+00
4553.14,1.4396e+01,1.0267e+00
4553.91,1.0067e+01,1.0147e+00
4554.69,1.3765e+01,9.9982e-01
4555.46,1.3374e+01,9.9821e-01
4556.24,1.3544e+01,9.9221e-01
4557.01,1.6514e+01,1.0067e+00
4557.79,1.3981e+01,1.0170e+00
4558.56,1.2595e+01,1.0128e+00
4559.34,1.1692e+01,1.0137e+00
4560.11,1.5197e+01,1.0161e+00
4560.89,1.5326e+01,1.0170e+00
4561.66,1.6301e+01,1.0192e+00
4562.44,1.7119e+01,1.0216e+00
4563.21,2.2003e+01,1.0139e+00
4563.98,1.4168e+01,9.9727e-01
4564.76,1.2984e+01,9.9376e-01
4565.53,1.1170e+01,9.8465e-01
4566.31,1.3662e+01,9.9008e-01
4567.08,1.5196e+01,1.0047e+00
4567.86,1.2704e+01,1.0144e+00
4568.63,1.5141e+01,1.0070e+00
4569.41,1.0574e+01,1.0031e+00
4570.18,1.2637e+01,1.0109e+00
4570.96,1.2881e+01,9.9754e-01
4571.73,1.3065e+01,9.7651e-01
4572.51,1.3953e+01,9.8093e-01
4573.28,1.5944e+01,1.0012e+00
4574.06,1.6140e+01,1.0054e+00
4574.83,1.4535e+01,1.0007e+00
4575.61,1.6131e+01,1.0034e+00
4576.38,1.8186e+01,1.0035e+00
4577.16,1.2919e+01,1.0023e+00
4577.93,1.1821e+01,9.9878e-01
4578.71,1.6846e+01,9.9482e-01
4579.48,1.3550e+01,9.8937e-01
4580.26,1.6533e+01,9.7892e-01
4581.03,1.2844e+01,9.6667e-01
4581.81,2.0218e+01,9.7026e-01
4582.58,1.8905e+01,9.7921e-01
4583.36,1.8554e+01,9.8399e-01
4584.13,1.8192e+01,9.7515e-01
4584.91,1.5076e+01,9.7444e-01
4585.68,1.3682e+01,9.7115e-01
4586.46,1.4957e+01,9.7114e-01
4587.23,1.5164e+01,9.7947e-01
4588.01,1.8684e+01,9.8360e-01
4588.78,1.5399e+01,9.8702e-01
4589.56,1.3397e+01,9.8823e-01
4590.33,1.4348e+01,9.8568e-01
4591.11,1.5080e+01,9.7909e-01
4591.88,1.6657e+01,9.6641e-01
4592.66,1.2310e+01,9.6372e-01
4593.43,1.5114e+01,9.7181e-01
4594.21,1.3978e+01,9.8066e-01
4594.98,1.6755e+01,9.7462e-01
4595.76,1.8400e+01,9.6443e-01
4596.53,1.6364e+01,9.6613e-01
4597.31,1.4669e+01,9.7039e-01
4598.08,2.1406e+01,9.6259e-01
4598.86,1.3193e+01,9.7265e-01
4599.63,1.4986e+01,9.7616e-01
4600.41,1.3396e+01,9.6206e-01
4601.18,1.5487e+01,9.5498e-01
4601.96,1.3935e+01,9.6636e-01
4602.73,1.3984e+01,9.6781e-01
4603.51,1.5824e+01,9.6655e-01
4604.28,1.5383e+01,9.6791e-01
4605.06,1.4547e+01,9.5980e-01
4605.83,1.3449e+01,9.6037e-01
4606.61,1.7622e+01,9.6454e-01
4607.38,1.6435e+01,9.6747e-01
4608.16,1.3886e+01,9.6841e-01
4608.93,9.0338e+00,9.7946e-01
4609.71,1.3453e+01,1.0078e+00
4610.48,1.7053e+01,9.9767e-01
4611.26,1.7342e+01,9.7462e-01
4612.03,1.7016e+01,9.6378e-01
4612.81,1.7076e+01,9.6219e-01
4613.58,1.7915e+01,9.5385e-01
4614.36,1.4732e+01,9.5898e-01
4615.13,1.3571e+01,9.7040e-01
4615.91,1.5733e+01,9.6351e-01
4616.68,1.4202e+01,9.5558e-01
4617.46,1.4908e+01,9.6036e-01
4618.23,1.3141e+01,9.6189e-01
4619.01,1.3881e+01,9.5102e-01
4619.78,1.9889e+01,9.5241e-01
4620.56,1.5446e+01,9.6383e-01
4621.33,1.1380e+01,9.6833e-01
4622.11,1.1800e+01,9.6267e-01
4622.88,1.5946e+01,9.5447e-01
4623.65,1.7765e+01,9.6046e-01
4624.43,1.4285e+01,9.6969e-01
4625.20,1.4257e+01,9.5967e-01
4625.98,1.7595e+01,9.6757e-01
4626.75,1.2549e+01,9.6377e-01
4627.53,1.3018e+01,9.6083e-01
4628.30,1.2872e+01,9.6319e-01
4629.08,1.4920e+01,9.5707e-01
4629.85,1.3290e+01,9.4725e-01
4630.63,1.6585e+01,9.4933e-01
4631.40,1.7900e+01,9.6030e-01
4632.18,1.6121e+01,9.5486e-01
4632.95,1.7901e+01,9.4493e-01
4633.73,2.0745e+01,9.4264e-01
4634.50,1.4361e+01,9.4680e-01
4635.28,1.2548e+01,9.4580e-01
4636.05,9.9156e+00,9.4638e-01
4636.83,1.6152e+01,9.4528e-01
4637.60,1.6438e+01,9.3422e-01
4638.38,1.2984e+01,9.2778e-01
4639.15,1.6106e+01,9.4015e-01
4639.93,1.5642e+01,9.4577e-01
4640.70,1.2325e+01,9.7383e-01
4641.48,1.3392e+01,1.0125e+00
4642.25,1.3457e+01,9.9520e-01
4643.03,1.2737e+01,9.7503e-01
4643.80,1.6161e+01,9.3550e-01
4644.58,1.7677e+01,9.5572e-01
4645.35,1.7761e+01,9.4830e-01
4646.13,1.4825e+01,9.2412e-01
4646.90,1.4817e+01,9.1574e-01
4647.68,1.4978e+01,9.1600e-01
4648.45,1.6418e+01,9.1716e-01
4649.23,1.7638e+01,9.1980e-01
4650.00,1.5943e+01,9.3712e-01
4650.78,1.9467e+01,9.4048e-01
4651.55,1.7905e+01,9.3254e-01
4652.33,1.6038e+01,9.3538e-01
4653.10,2.1050e+01,9.4075e-01
4653.88,1.7557e+01,9.3797e-01
4654.65,1.7609e+01,9.1999e-01
4655.43,1.3935e+01,9.2216e-01
4656.20,1.6084e+01,9.2601e-01
4656.98,1.6727e+01,9.2511e-01
4657.75,1.5077e+01,9.3132e-01
4658.53,1.7114e+01,9.4196e-01
4659.30,1.1626e+01,9.4864e-01
4660.08,1.6277e+01,9.4610e-01
4660.85,1.2731e+01,9.4250e-01
4661.63,1.6715e+01,9.3501e-01
4662.40,1.4414e+01,9.2990e-01
4663.18,1.4545e+01,9.4357e-01
4663.95,1.6556e+01,9.3793e-01
4664.73,1.6364e+01,9.3347e-01
4665.50,1.7161e+01,9.2731e-01
4666.28,1.7462e+01,9.0963e-01
4667.05,1.8204e+01,8.8850e-01
4667.83,1.7922e+01,8.8030e-01
4668.60,1.9907e+01,8.9025e-01
4669.38,1.9006e+01,9.0537e-01
4670.15,1.4644e+01,9.1664e-01
4670.93,1.7753e+01,9.2466e-01
4671.70,1.7299e+01,9.2682e-01
4672.48,1.8313e+01,9.1741e-01
4673.25,1.8806e+01,9.1153e-01
4674.03,2.0348e+01,9.1142e-01
4674.80,1.5665e+01,9.3509e-01
4675.58,2.0011e+01,9.2699e-01
4676.35,2.0339e+01,9.3181e-01
4677.13,1.9480e+01,9.3047e-01
4677.90,1.7151e+01,9.2036e-01
4678.68,1.4275e+01,9.0306e-01
4679.45,1.1449e+01,9.0187e-01
4680.23,1.3400e+01,9.0893e-01
4681.00,1.8558e+01,9.1481e-01
4681.78,2.2291e+01,9.1435e-01
4682.55,1.6545e+01,9.0928e-01
4683.32,1.4870e+01,9.1662e-01
4684.10,1.8008e+01,9.1763e-01
4684.87,2.0521e+01,9.5181e-01
4685.65,1.9966e+01,9.4792e-01
4686.42,2.1506e+01,9.2071e-01
4687.20,1.7967e+01,9.1473e-01
4687.97,1.5815e+01,9.0907e-01
4688.75,1.4643e+01,9.0845e-01
4689.52,1.4876e+01,9.1259e-01
4690.30,1.5598e+01,9.1228e-01
4691.07,1.3029e+01,9.0682e-01
4691.85,1.6098e+01,9.0108e-01
4692.62,1.9159e+01,9.0508e-01
4693.40,1.7605e+01,9.0776e-01
4694.17,1.1480e+01,9.0709e-01
4694.95,1.4978e+01,9.0817e-01
4695.72,1.4115e+01,9.1113e-01
4696.50,1.3833e+01,9.1168e-01
4697.27,1.0892e+01,9.0727e-01
4698.05,1.7915e+01,9.0110e-01
4698.82,1.5555e+01,8.8459e-01
4699.60,1.7670e+01,8.8930e-01
4700.37,1.9284e+01,8.9746e-01
4701.15,2.0855e+01,8.9513e-01
4701.92,2.0387e+01,8.9098e-01
4702.70,1.6527e+01,8.7798e-01
4703.47,1.6112e+01,8.6748e-01
4704.25,1.5844e+01,8.8418e-01
4705.02,1.7520e+01,8.9551e-01
4705.80,1.9098e+01,8.9840e-01
4706.57,1.7546e+01,8.9888e-01
4707.35,1.9997e+01,8.8532e-01
4708.12,1.2932e+01,8.8048e-01
4708.90,1.6902e+01,8.8690e-01
4709.67,1.8389e+01,8.7758e-01
4710.45,1.5546e+01,8.9135e-01
4711.22,1.5493e+01,9.0253e-01
4712.00,1.7663e+01,9.0302e-01
4712.77,1.6947e+01,8.9794e-01
4713.55,1.7766e+01,8.9690e-01
4714.32,1.6293e+01,8.8308e-01
4715.10,1.8766e+01,8.7881e-01
4715.87,1.7474e+01,8.9163e-01
4716.65,1.7479e+01,9.0061e-01
4717.42,2.0540e+01,9.0394e-01
4718.20,2.1540e+01,8.9907e-01
4718.97,1.4295e+01,9.0186e-01
4719.75,2.2709e+01,9.0356e-01
4720.52,1.8050e+01,9.0420e-01
4721.30,1.2392e+01,8.9780e-01
4722.07,1.5946e+01,8.9492e-01
4722.85,1.7748e+01,9.0345e-01
4723.62,1.6677e+01,9.1528e-01
4724.40,1.8728e+01,9.1685e-01
4725.17,1.5727e+01,9.1990e-01
4725.95,1.5508e+01,9.1535e-01
4726.72,1.8634e+01,9.0609e-01
4727.50,1.7799e+01,8.9884e-01
4728.27,1.6400e+01,8.9424e-01
4729.05,1.7427e+01,8.8905e-01
4729.82,1.7958e+01,8.8483e-01
4730.60,1.5900e+01,8.7642e-01
4731.37,1.7849e+01,8.7676e-01
4732.15,2.0235e+01,8.8326e-01
4732.92,1.7460e+01,8.9018e-01
4733.70,1.3141e+01,9.0168e-01
4734.47,1.5671e+01,9.0404e-01
4735.25,1.6871e+01,8.8801e-01
4736.02,1.5806e+01,8.8226e-01
4736.80,1.9160e+01,8.6924e-01
4737.57,1.8511e+01,8.7264e-01
4738.35,1.6063e+01,8.8634e-01
4739.12,1.5396e+01,8.9025e-01
4739.90,1.8207e+01,8.8711e-01
4740.67,1.8543e+01,8.7819e-01
4741.44,1.5526e+01,8.7680e-01
4742.22,1.4072e+01,8.7999e-01
4742.99,1.7831e+01,8.9093e-01
4743.77,2.1713e+01,8.9184e-01
4744.54,1.7076e+01,8.8603e-01
4745.32,2.0451e+01,8.8165e-01
4746.09,2.0591e+01,8.8069e-01
4746.87,1.7192e+01,8.8792e-01
4747.64,2.1315e+01,8.8805e-01
4748.42,2.3439e+01,8.8326e-01
4749.19,1.9594e+01,8.8348e-01
4749.97,1.7780e+01,8.8624e-01
4750.74,1.9849e+01,8.8882e-01
4751.52,1.9867e+01,8.8389e-01
4752.29,1.7351e+01,8.8271e-01
4753.07,2.2094e+01,8.8430e-01
4753.84,2.2135e+01,8.9337e-01
4754.62,1.8199e+01,8.6564e-01
4755.39,1.4456e+01,8.7086e-01
4756.17,1.6829e+01,8.6665e-01
4756.94,1.9764e+01,8.6616e-01
4757.72,1.9895e+01,8.7397e-01
4758.49,2.1031e+01,8.7692e-01
4759.27,1.8387e+01,8.7927e-01
4760.04,1.9171e+01,8.8761e-01
4760.82,1.7157e+01,9.1135e-01
4761.59,1.8619e+01,8.8473e-01
4762.37,1.8006e+01,8.5738e-01
4763.14,1.7818e+01,8.6164e-01
4763.92,1.9749e+01,8.6697e-01
4764.69,1.8316e+01,8.6145e-01
4765.47,1.6101e+01,8.5570e-01
4766.24,1.8038e+01,8.4886e-01
4767.02,1.8166e+01,8.5531e-01
4767.79,1.4570e+01,8.6293e-01
4768.57,1.3479e+01,8.6357e-01
4769.34,1.4628e+01,8.6961e-01
4770.12,1.5100e+01,8.7791e-01
4770.89,1.5870e+01,8.6929e-01
4771.67,1.5322e+01,8.5857e-01
4772.44,1.9021e+01,8.5970e-01
4773.22,1.3998e+01,8.6034e-01
4773.99,1.4418e+01,8.7251e-01
4774.77,1.4735e+01,8.7705e-01
4775.54,1.5743e+01,8.7592e-01
4776.32,1.6769e+01,8.6645e-01
4777.09,1.4206e+01,8.6864e-01
4777.87,1.8602e+01,8.8292e-01
4778.64,1.3032e+01,9.1666e-01
4779.42,1.7199e+01,9.1596e-01
4780.19,1.9126e+01,8.8001e-01
4780.97,1.6662e+01,8.7150e-01
4781.74,1.6417e+01,8.7291e-01
4782.52,1.4599e+01,8.7204e-01
4783.29,1.9592e+01,8.5269e-01
4784.07,1.7063e+01,8.5366e-01
4784.84,1.7488e+01,8.6760e-01
4785.62,1.8215e+01,8.6688e-01
4786.39,1.5936e+01,8.5147e-01
4787.17,1.7108e+01,8.5012e-01
4787.94,1.9529e+01,8.6111e-01
4788.72,1.7499e+01,8.6377e-01
4789.49,1.7736e+01,8.6204e-01
4790.27,1.6158e+01,8.6554e-01
4791.04,1.6987e+01,8.6344e-01
4791.82,2.1458e+01,8.6067e-01
4792.59,1.6000e+01,8.5606e-01
4793.37,2.0320e+01,8.5932e-01
4794.14,1.6396e+01,8.7035e-01
4794.92,2.0054e+01,8.7060e-01
4795.69,1.5261e+01,8.7456e-01
4796.47,1.4892e+01,8.6800e-01
4797.24,1.9187e+01,8.6956e-01
4798.02,1.6837e+01,8.6102e-01
4798.79,1.8052e+01,8.5314e-01
4799.57,1.6787e+01,8.5178e-01
4800.34,1.9485e+01,8.4929e-01
4801.11,1.9790e+01,8.5317e-01
4801.89,1.6735e+01,8.6176e-01
4802.66,1.8128e+01,8.6106e-01
4803.44,1.7665e+01,8.6030e-01
4804.21,1.6269e+01,8.6111e-01
4804.99,1.8337e+01,8.4885e-01
4805.76,1.7121e+01,8.4769e-01
4806.54,1.9049e+01,8.5613e-01
4807.31,1.6604e+01,8.4941e-01
4808.09,1.9087e+01,8.4671e-01
4808.86,1.8090e+01,8.4866e-01
4809.64,1.5932e+01,8.5531e-01
4810.41,1.7934e+01,8.5469e-01
4811.19,1.8806e+01,8.5378e-01
4811.96,1.7727e+01,8.5728e-01
4812.74,1.7970e+01,8.5462e-01
4813.51,1.7464e+01,8.5639e-01
4814.29,1.6045e+01,8.5780e-01
4815.06,1.8077e+01,8.5642e-01
4815.84,1.5739e+01,8.6184e-01
4816.61,1.8126e+01,8.6459e-01
4817.39,1.6430e+01,8.7303e-01
4818.16,1.8192e+01,8.6884e-01
4818.94,1.9751e+01,8.6179e-01
4819.71,1.7053e+01,8.6288e-01
4820.49,1.9378e+01,8.6014e-01
4821.26,1.7287e+01,8.5923e-01
4822.04,2.2142e+01,8.6025e-01
4822.81,1.9832e+01,8.5140e-01
4823.59,1.8462e+01,8.3181e-01
4824.36,1.9100e+01,8.3628e-01
4825.14,1.4312e+01,8.4976e-01
4825.91,2.0908e+01,8.5549e-01
4826.69,1.6756e+01,8.5458e-01
4827.46,1.9567e+01,8.5406e-01
4828.24,1.9934e+01,8.5259e-01
4829.01,2.1237e+01,8.4461e-01
4829.79,1.5162e+01,8.4396e-01
4830.56,1.8542e+01,8.5089e-01
4831.34,1.9162e+01,8.5783e-01
4832.11,1.2843e+01,8.4061e-01
4832.89,2.0646e+01,8.4350e-01
4833.66,1.8757e+01,8.5128e-01
4834.44,1.4508e+01,8.5144e-01
4835.21,1.6664e+01,8.5067e-01
4835.99,1.8141e+01,8.4683e-01
4836.76,1.5446e+01,8.4840e-01
4837.54,1.5859e+01,8.5100e-01
4838.31,1.5699e+01,8.4396e-01
4839.09,1.9077e+01,8.4005e-01
4839.86,1.7089e+01,8.3414e-01
4840.64,1.5776e+01,8.2835e-01
4841.41,1.6547e+01,8.3928e-01
4842.19,1.4333e+01,8.4147e-01
4842.96,1.6516e+01,8.3516e-01
4843.74,1.6108e+01,8.3197e-01
4844.51,1.7689e+01,8.4064e-01
4845.29,1.6219e+01,8.4481e-01
4846.06,1.6048e+01,8.4429e-01
4846.84,1.7238e+01,8.4359e-01
4847.61,1.6550e+01,8.4130e-01
4848.39,1.7138e+01,8.3402e-01
4849.16,1.7354e+01,8.2863e-01
4849.94,1.6452e+01,8.3517e-01
4850.71,1.8862e+01,8.4252e-01
4851.49,1.7375e+01,8.3911e-01
4852.26,1.7852e+01,8.3134e-01
4853.04,1.7629e+01,8.3451e-01
4853.81,1.7892e+01,8.3494e-01
4854.59,1.8094e+01,8.2609e-01
4855.36,2.0439e+01,8.0898e-01
4856.14,1.9640e+01,8.0567e-01
4856.91,2.0969e+01,8.1647e-01
4857.69,1.8532e+01,8.1746e-01
4858.46,1.8338e+01,8.1446e-01
4859.24,2.2537e+01,8.0004e-01
4860.01,1.8840e+01,7.8135e-01
4860.78,2.1154e+01,7.5765e-01
4861.56,2.0255e+01,7.3265e-01
4862.33,1.6081e+01,7.5346e-01
4863.11,1.5078e+01,7.8902e-01
4863.88,1.5465e+01,7.9745e-01
4864.66,1.2978e+01,8.0375e-01
4865.43,1.6351e+01,8.1308e-01
4866.21,1.8439e+01,8.1480e-01
4866.98,1.4885e+01,8.2012e-01
4867.76,1.8363e+01,8.1916e-01
4868.53,1.9553e+01,8.1743e-01
4869.31,1.7365e+01,8.2625e-01
4870.08,1.6006e+01,8.2416e-01
4870.86,1.7994e+01,8.0287e-01
4871.63,1.6383e+01,7.8338e-01
4872.41,1.7304e+01,7.8967e-01
4873.18,1.7363e+01,8.1013e-01
4873.96,1.3982e+01,8.1904e-01
4874.73,1.5723e+01,8.2366e-01
4875.51,1.5584e+01,8.1838e-01
4876.28,2.0877e+01,8.1642e-01
4877.06,1.7519e+01,8.2646e-01
4877.83,1.9920e+01,8.1747e-01
4878.61,1.9175e+01,8.0887e-01
4879.38,1.8736e+01,8.2835e-01
4880.16,1.8617e+01,8.3663e-01
4880.93,1.5800e+01,8.3099e-01
4881.71,1.7964e+01,8.1774e-01
4882.48,1.4193e+01,8.1700e-01
4883.26,1.8361e+01,8.2609e-01
4884.03,1.8360e+01,8.2639e-01
4884.81,1.9600e+01,8.1641e-01
4885.58,1.5532e+01,8.0876e-01
4886.36,1.6407e+01,8.0706e-01
4887.13,1.8511e+01,8.0751e-01
4887.91,1.5261e+01,8.1339e-01
4888.68,1.4888e+01,8.1092e-01
4889.46,1.5045e+01,8.2200e-01
4890.23,1.7185e+01,8.2701e-01
4891.01,1.7022e+01,7.8084e-01
4891.78,1.3428e+01,7.7930e-01
4892.56,1.4249e+01,8.0811e-01
4893.33,1.8239e+01,8.2361e-01
4894.11,1.6718e+01,8.2607e-01
4894.88,1.6052e+01,8.3180e-01
4895.66,1.6003e+01,8.3418e-01
4896.43,1.9174e+01,8.3160e-01
4897.21,1.8062e+01,8.3669e-01
4897.98,1.8129e+01,8.3795e-01
4898.76,1.7107e+01,8.2920e-01
4899.53,1.6892e+01,8.2215e-01
4900.31,1.8425e+01,8.2009e-01
4901.08,1.8695e+01,8.2435e-01
4901.86,1.6662e+01,8.2551e-01
4902.63,1.7232e+01,8.1904e-01
4903.41,1.5546e+01,8.0977e-01
4904.18,1.6653e+01,8.0660e-01
4904.96,1.6082e+01,8.1586e-01
4905.73,1.7187e+01,8.2310e-01
4906.51,1.8107e+01,8.2734e-01
4907.28,1.7835e+01,8.4773e-01
4908.06,1.5884e+01,8.4075e-01
4908.83,1.7332e+01,8.2005e-01
4909.61,1.8418e+01,8.0341e-01
4910.38,1.5686e+01,7.9241e-01
4911.16,1.6265e+01,7.9685e-01
4911.93,1.8346e+01,8.0644e-01
4912.71,1.5201e+01,8.1474e-01
4913.48,1.3250e+01,8.1291e-01
4914.26,1.6379e+01,8.0991e-01
4915.03,1.6736e+01,8.1901e-01
4915.81,1.3944e+01,8.2227e-01
4916.58,1.2836e+01,8.1604e-01
4917.36,1.4023e+01,8.0907e-01
4918.13,1.4365e+01,7.9526e-01
4918.90,1.5113e+01,7.7502e-01
4919.68,1.6337e+01,7.7283e-01
4920.45,1.9181e+01,7.9173e-01
4921.23,1.5645e+01,8.2759e-01
4922.00,1.5099e+01,8.2174e-01
4922.78,1.4411e+01,8.0462e-01
4923.55,1.8214e+01,7.9807e-01
4924.33,1.6647e+01,7.8833e-01
4925.10,1.5590e+01,7.9134e-01
4925.88,1.5052e+01,8.0244e-01
4926.65,2.0506e+01,8.1475e-01
4927.43,1.6953e+01,8.0763e-01
4928.20,1.9009e+01,8.0271e-01
4928.98,1.6500e+01,8.1332e-01
4929.75,1.8345e+01,8.1434e-01
4930.53,1.7590e+01,8.0851e-01
4931.30,1.8270e+01,8.0924e-01
4932.08,1.5281e+01,8.1147e-01
4932.85,1.7486e+01,8.0212e-01
4933.63,1.8318e+01,7.8410e-01
4934.40,1.6545e+01,7.8186e-01
4935.18,2.1521e+01,8.0113e-01
4935.95,1.9057e+01,8.0220e-01
4936.73,1.8467e+01,7.9613e-01
4937.50,1.5588e+01,7.9314e-01
4938.28,1.4635e+01,7.8488e-01
4939.05,1.3719e+01,7.7609e-01
4939.83,1.5674e+01,7.7984e-01
4940.60,1.6874e+01,7.9823e-01
4941.38,1.4736e+01,8.0885e-01
4942.15,1.7462e+01,8.0366e-01
4942.93,2.0054e+01,8.0061e-01
4943.70,1.9276e+01,8.0977e-01
4944.48,2.1337e+01,8.1033e-01
4945.25,1.7755e+01,8.0258e-01
4946.03,1.4712e+01,7.9007e-01
4946.80,1.4486e+01,7.9256e-01
4947.58,1.5572e+01,8.0102e-01
4948.35,1.6655e+01,8.0607e-01
4949.13,1.8689e+01,8.0516e-01
4949.90,1.9105e+01,8.0038e-01
4950.68,1.8114e+01,8.0113e-01
4951.45,1.4631e+01,8.1809e-01
4952.23,1.3812e+01,8.1594e-01
4953.00,1.5588e+01,8.0539e-01
4953.78,1.7612e+01,8.1059e-01
4954.55,1.5255e+01,8.0591e-01
4955.33,1.7267e+01,8.0791e-01
4956.10,1.9018e+01,8.0734e-01
4956.88,1.5997e+01,7.8121e-01
4957.65,1.8425e+01,7.4550e-01
4958.43,1.6176e+01,7.5916e-01
4959.20,2.0264e+01,7.9693e-01
4959.98,1.3383e+01,8.0728e-01
4960.75,1.3938e+01,8.1038e-01
4961.53,1.7107e+01,8.0567e-01
4962.30,1.6557e+01,8.0223e-01
4963.08,1.4082e+01,8.0214e-01
4963.85,1.3607e+01,8.0997e-01
4964.63,1.7451e+01,8.0558e-01
4965.40,1.7324e+01,8.0358e-01
4966.18,1.7709e+01,7.9853e-01
4966.95,1.7707e+01,7.9781e-01
4967.73,1.8463e+01,8.1403e-01
4968.50,1.3034e+01,7.9168e-01
4969.28,1.5532e+01,7.9550e-01
4970.05,1.9017e+01,7.9120e-01
4970.83,1.9987e+01,7.8393e-01
4971.60,1.7916e+01,8.0087e-01
4972.38,2.1369e+01,8.0598e-01
4973.15,1.7180e+01,7.9799e-01
4973.93,1.6546e+01,8.0284e-01
4974.70,1.6297e+01,8.0705e-01
4975.48,1.6745e+01,8.0143e-01
4976.25,1.8093e+01,8.0561e-01
4977.03,1.5135e+01,7.9452e-01
4977.80,1.7934e+01,7.8948e-01
4978.57,1.8548e+01,7.7650e-01
4979.35,1.3502e+01,7.7565e-01
4980.12,1.6518e+01,7.7780e-01
4980.90,1.9017e+01,7.8000e-01
4981.67,1.5870e+01,7.7867e-01
4982.45,1.3808e+01,7.6061e-01
4983.22,1.6506e+01,7.5061e-01
4984.00,1.6374e+01,7.5742e-01
4984.77,1.7927e+01,7.7321e-01
4985.55,1.6091e+01,7.7832e-01
4986.32,1.7916e+01,7.8792e-01
4987.10,1.7790e+01,8.0012e-01
4987.87,1.6987e+01,7.9406e-01
4988.65,1.8600e+01,7.8416e-01
4989.42,1.9134e+01,8.1763e-01
4990.20,1.7855e+01,8.0812e-01
4990.97,1.9630e+01,7.7225e-01
4991.75,1.6166e+01,7.6943e-01
4992.52,1.8786e+01,7.8198e-01
4993.30,1.9793e+01,7.8185e-01
4994.07,1.7118e+01,7.7342e-01
4994.85,1.6941e+01,7.7929e-01
4995.62,1.8568e+01,7.8594e-01
4996.40,2.0253e+01,7.8283e-01
4997.17,1.8874e+01,7.8048e-01
4997.95,1.9106e+01,7.8101e-01
4998.72,1.9369e+01,7.7672e-01
4999.50,1.5566e+01,7.6933e-01
5000.27,1.8971e+01,7.6455e-01
5001.05,1.8017e+01,7.6716e-01
5001.82,1.7149e+01,7.6334e-01
5002.60,1.8086e+01,7.6291e-01
5003.37,1.8363e+01,7.6756e-01
5004.15,1.6919e+01,7.7293e-01
5004.92,1.8607e+01,7.6871e-01
5005.70,1.7689e+01,7.5003e-01
5006.47,1.7213e+01,7.4249e-01
5007.25,1.7656e+01,7.4873e-01
5008.02,1.3047e+01,7.6436e-01
5008.80,2.0615e+01,7.7817e-01
5009.57,1.8401e+01,7.7590e-01
5010.35,1.8926e+01,7.7206e-01
5011.12,1.7075e+01,7.7083e-01
5011.90,1.6704e+01,7.6010e-01
5012.67,1.9700e+01,7.4641e-01
5013.45,1.8604e+01,7.5491e-01
5014.22,1.6571e+01,7.4743e-01
5015.00,1.6476e+01,7.4751e-01
5015.77,1.7455e+01,7.6180e-01
5016.55,1.4793e+01,7.6309e-01
5017.32,1.7972e+01,7.5617e-01
5018.10,1.9978e+01,7.4583e-01
5018.87,1.7720e+01,7.4687e-01
5019.65,1.5304e+01,7.5796e-01
5020.42,1.5444e+01,7.6320e-01
5021.20,1.8718e+01,7.6539e-01
5021.97,1.6932e+01,7.5486e-01
5022.75,1.2966e+01,7.5008e-01
5023.52,1.9595e+01,7.5641e-01
5024.30,1.5193e+01,7.6059e-01
5025.07,1.7822e+01,7.5318e-01
5025.85,1.7946e+01,7.5076e-01
5026.62,2.0201e+01,7.5130e-01
5027.40,1.8389e+01,7.3760e-01
5028.17,1.7884e+01,7.3049e-01
5028.95,1.9133e+01,7.3621e-01
5029.72,2.0807e+01,7.3049e-01
5030.50,1.5933e+01,7.1946e-01
5031.27,1.6729e+01,7.2133e-01
5032.05,1.8381e+01,7.3033e-01
5032.82,1.8530e+01,7.4687e-01
5033.60,1.7401e+01,7.6118e-01
5034.37,1.8588e+01,7.7296e-01
5035.15,1.6586e+01,7.6788e-01
5035.92,1.8082e+01,7.4595e-01
5036.70,1.6432e+01,7.4441e-01
5037.47,1.8720e+01,7.5629e-01
5038.24,1.6881e+01,7.5903e-01
5039.02,1.7390e+01,7.4797e-01
5039.79,1.7036e+01,7.4523e-01
5040.57,1.8746e+01,7.3765e-01
5041.34,1.8270e+01,7.1772e-01
5042.12,1.8533e+01,7.2418e-01
5042.89,1.4829e+01,7.7217e-01
5043.67,1.5105e+01,7.7000e-01
5044.44,1.8703e+01,7.5698e-01
5045.22,2.0913e+01,7.6245e-01
5045.99,1.6995e+01,7.6604e-01
5046.77,1.6102e+01,7.6873e-01
5047.54,1.7439e+01,7.6115e-01
5048.32,1.8425e+01,7.4833e-01
5049.09,1.4932e+01,7.4102e-01
5049.87,1.9906e+01,7.4375e-01
5050.64,1.7943e+01,7.4934e-01
5051.42,1.9399e+01,7.4824e-01
5052.19,1.7993e+01,7.4274e-01
5052.97,1.7158e+01,7.4942e-01
5053.74,1.8096e+01,7.5592e-01
5054.52,1.5364e+01,7.5968e-01
5055.29,1.9678e+01,7.6062e-01
5056.07,1.6151e+01,7.5792e-01
5056.84,1.5467e+01,7.5537e-01
5057.62,1.5860e+01,7.5843e-01
5058.39,2.0406e+01,7.5972e-01
5059.17,1.5732e+01,7.6257e-01
5059.94,1.9610e+01,7.5806e-01
5060.72,1.8332e+01,7.5797e-01
5061.49,1.6085e+01,7.6490e-01
5062.27,1.7089e+01,7.6487e-01
5063.04,1.7402e+01,7.6278e-01
5063.82,1.7301e+01,7.5926e-01
5064.59,1.8629e+01,7.4438e-01
5065.37,1.7287e+01,7.3244e-01
5066.14,1.6594e+01,7.4746e-01
5066.92,1.7109e+01,7.5208e-01
5067.69,1.8050e+01,7.5004e-01
5068.47,1.8121e+01,7.4623e-01
5069.24,1.8005e+01,7.4451e-01
5070.02,1.8825e+01,7.5495e-01
5070.79,1.6619e+01,7.5876e-01
5071.57,1.5970e+01,7.5234e-01
5072.34,1.7127e+01,7.3759e-01
5073.12,1.3234e+01,7.3820e-01
5073.89,1.5960e+01,7.5191e-01
5074.67,1.6967e+01,7.4646e-01
5075.44,1.7791e+01,7.4201e-01
5076.22,1.8679e+01,7.4533e-01
5076.99,1.9404e+01,7.4911e-01
5077.77,1.6472e+01,7.5480e-01
5078.54,2.0033e+01,7.4993e-01
5079.32,1.7486e+01,7.2596e-01
5080.09,1.5303e+01,7.1742e-01
5080.87,1.5461e+01,7.2551e-01
5081.64,1.4320e+01,7.3640e-01
5082.42,1.5030e+01,7.4185e-01
5083.19,1.8809e+01,7.3859e-01
5083.97,1.7359e+01,7.3655e-01
5084.74,1.6721e+01,7.4067e-01
5085.52,1.8222e+01,7.5002e-01
5086.29,1.6313e+01,7.5320e-01
5087.07,2.2025e+01,7.5327e-01
5087.84,1.7405e+01,7.5177e-01
5088.62,1.7444e+01,7.4910e-01
5089.39,1.7876e+01,7.5552e-01
5090.17,1.8888e+01,7.5542e-01
5090.94,1.9443e+01,7.5007e-01
5091.72,2.1301e+01,7.5020e-01
5092.49,1.6617e+01,7.5252e-01
5093.27,1.5971e+01,7.5413e-01
5094.04,1.5123e+01,7.5255e-01
5094.82,1.9303e+01,7.5221e-01
5095.59,1.6558e+01,7.4897e-01
5096.36,1.6698e+01,7.4569e-01
5097.14,1.8604e+01,7.3702e-01
5097.91,1.5596e+01,7.3486e-01
5098.69,1.5339e+01,7.2217e-01
5099.46,1.8854e+01,7.1748e-01
5100.24,1.8963e+01,7.3458e-01
5101.01,1.9072e+01,7.4529e-01
5101.79,1.6286e+01,7.4885e-01
5102.56,1.7831e+01,7.5043e-01
5103.34,1.5260e+01,7.4746e-01
5104.11,1.3838e+01,7.4209e-01
5104.89,1.4250e+01,7.5353e-01
5105.66,1.7377e+01,7.4097e-01
5106.44,1.8356e+01,7.4346e-01
5107.21,1.3159e+01,7.3474e-01
5107.99,1.6425e+01,7.2742e-01
5108.76,1.5741e+01,7.3844e-01
5109.54,1.7005e+01,7.3790e-01
5110.31,1.6554e+01,7.2897e-01
5111.09,1.2916e+01,7.3062e-01
5111.86,1.6164e+01,7.4429e-01
5112.64,1.5265e+01,7.4737e-01
5113.41,1.4392e+01,7.4485e-01
5114.19,1.5602e+01,7.4367e-01
5114.96,1.5486e+01,7.4350e-01
5115.74,1.6946e+01,7.3800e-01
5116.51,1.2968e+01,7.3973e-01
5117.29,1.3991e+01,7.4712e-01
5118.06,1.5767e+01,7.4656e-01
5118.84,1.5016e+01,7.4773e-01
5119.61,1.3414e+01,7.4687e-01
5120.39,1.6664e+01,7.4293e-01
5121.16,1.3370e+01,7.3723e-01
5121.94,1.5899e+01,7.3385e-01
5122.71,1.2924e+01,7.3360e-01
5123.49,1.4236e+01,7.2881e-01
5124.26,1.3931e+01,7.2651e-01
5125.04,1.4930e+01,7.2442e-01
5125.81,1.2044e+01,7.2285e-01
5126.59,1.5463e+01,7.3103e-01
5127.36,1.3447e+01,7.2860e-01
5128.14,1.5316e+01,7.2880e-01
5128.91,1.7320e+01,7.2976e-01
5129.69,1.4047e+01,7.3384e-01
5130.46,1.7169e+01,7.5696e-01
5131.24,1.8181e+01,7.5690e-01
5132.01,1.4700e+01,7.3787e-01
5132.79,1.5784e+01,7.4188e-01
5133.56,1.3541e+01,7.3281e-01
5134.34,1.3265e+01,7.3233e-01
5135.11,1.4665e+01,7.3976e-01
5135.89,1.9113e+01,7.4176e-01
5136.66,2.0030e+01,7.2954e-01
5137.44,1.5985e+01,7.1929e-01
5138.21,1.8716e+01,7.2879e-01
5138.99,1.9548e+01,7.1796e-01
5139.76,1.4052e+01,7.1214e-01
5140.54,1.7631e+01,7.3694e-01
5141.31,1.6830e+01,7.3701e-01
5142.09,1.6871e+01,7.2160e-01
5142.86,1.7469e+01,7.0825e-01
5143.64,1.6964e+01,7.2028e-01
5144.41,1.7636e+01,7.3316e-01
5145.19,1.5779e+01,7.3130e-01
5145.96,1.8765e+01,7.2421e-01
5146.74,1.6720e+01,7.2213e-01
5147.51,1.7899e+01,7.2726e-01
5148.29,1.7295e+01,7.2977e-01
5149.06,1.4360e+01,7.3524e-01
5149.84,1.7276e+01,7.3756e-01
5150.61,1.6504e+01,7.2823e-01
5151.39,1.5206e+01,7.1937e-01
5152.16,1.7368e+01,7.2364e-01
5152.94,1.7843e+01,7.2437e-01
5153.71,1.6801e+01,7.2458e-01
5154.49,1.7217e+01,7.2068e-01
5155.26,1.4881e+01,7.2412e-01
5156.03,1.6626e+01,7.2391e-01
5156.81,1.7793e+01,7.2688e-01
5157.58,1.5724e+01,7.3281e-01
5158.36,1.5380e+01,7.3049e-01
5159.13,1.8044e+01,7.2719e-01
5159.91,1.5397e+01,7.2549e-01
5160.68,1.5360e+01,7.2839e-01
5161.46,1.8493e+01,7.2821e-01
5162.23,1.8767e+01,7.1639e-01
5163.01,1.9485e+01,7.1345e-01
5163.78,1.8073e+01,7.2220e-01
5164.56,1.8091e+01,7.1578e-01
5165.33,2.2608e+01,7.0445e-01
5166.11,1.7421e+01,7.0066e-01
5166.88,1.9941e+01,6.8262e-01
5167.66,1.4288e+01,6.6163e-01
5168.43,1.7479e+01,6.7657e-01
5169.21,1.8829e+01,6.8507e-01
5169.98,2.0120e+01,7.0819e-01
5170.76,1.7310e+01,7.2391e-01
5171.53,1.7387e+01,6.9761e-01
5172.31,1.8922e+01,6.5636e-01
5173.08,1.7795e+01,6.4276e-01
5173.86,1.7228e+01,6.7387e-01
5174.63,1.8177e+01,7.0795e-01
5175.41,1.8603e+01,7.2119e-01
5176.18,1.8765e+01,7.2216e-01
5176.96,1.3902e+01,7.1775e-01
5177.73,1.6082e+01,7.1957e-01
5178.51,1.7800e+01,7.2295e-01
5179.28,1.8341e+01,7.2239e-01
5180.06,1.6621e+01,7.1925e-01
5180.83,1.5881e+01,7.1367e-01
5181.61,1.6723e+01,7.0801e-01
5182.38,1.8511e+01,6.9153e-01
5183.16,1.4345e+01,6.5495e-01
5183.93,1.5164e+01,6.3203e-01
5184.71,1.7860e+01,6.5462e-01
5185.48,1.6743e+01,6.9329e-01
5186.26,1.4676e+01,7.0708e-01
5187.03,1.7642e+01,7.1559e-01
5187.81,1.6031e+01,7.1815e-01
5188.58,1.8714e+01,7.0407e-01
5189.36,1.6002e+01,7.0644e-01
5190.13,1.8772e+01,7.2167e-01
5190.91,1.6148e+01,7.1793e-01
5191.68,1.9132e+01,6.9589e-01
5192.46,1.7020e+01,6.8182e-01
5193.23,1.8888e+01,6.9570e-01
5194.01,1.9070e+01,7.1497e-01
5194.78,1.8994e+01,7.0962e-01
5195.56,1.8510e+01,6.9664e-01
5196.33,1.6698e+01,6.9942e-01
5197.11,1.8361e+01,7.0655e-01
5197.88,1.3767e+01,7.0983e-01
5198.66,1.3783e+01,7.0965e-01
5199.43,1.5394e+01,7.1418e-01
5200.21,1.6548e+01,7.1779e-01
5200.98,1.4675e+01,7.1822e-01
5201.76,1.9523e+01,7.1119e-01
5202.53,1.8189e+01,7.0507e-01
5203.31,1.8157e+01,7.1418e-01
5204.08,1.8684e+01,7.1195e-01
5204.86,1.7567e+01,6.9447e-01
5205.63,1.6239e+01,6.9102e-01
5206.41,1.6754e+01,6.9042e-01
5207.18,1.7644e+01,7.0462e-01
5207.96,1.7412e+01,6.9927e-01
5208.73,1.6915e+01,6.8218e-01
5209.51,1.7030e+01,7.0068e-01
5210.28,2.0220e+01,7.0897e-01
5211.06,1.9362e+01,7.0960e-01
5211.83,1.9193e+01,7.1289e-01
5212.61,2.0235e+01,7.1409e-01
5213.38,1.8922e+01,7.1601e-01
5214.15,1.9934e+01,7.1454e-01
5214.93,1.9436e+01,7.0337e-01
5215.70,1.9117e+01,6.9375e-01
5216.48,2.0724e+01,6.9408e-01
5217.25,1.8727e+01,6.9380e-01
5218.03,1.7193e+01,6.9749e-01
5218.80,1.7902e+01,7.0744e-01
5219.58,1.5637e+01,7.1216e-01
5220.35,1.9141e+01,7.0989e-01
5221.13,1.8484e+01,7.0997e-01
5221.90,1.6926e+01,7.1015e-01
5222.68,1.3922e+01,7.1141e-01
5223.45,1.5809e+01,7.0957e-01
5224.23,1.4957e+01,7.0563e-01
5225.00,1.6632e+01,6.9808e-01
5225.78,1.7248e+01,6.9283e-01
5226.55,1.9944e+01,6.7634e-01
5227.33,1.5516e+01,6.9706e-01
5228.10,1.8352e+01,7.0144e-01
5228.88,1.6915e+01,7.0171e-01
5229.65,2.2101e+01,7.0231e-01
5230.43,1.6944e+01,7.0083e-01
5231.20,1.8948e+01,7.0622e-01
5231.98,1.8110e+01,7.0464e-01
5232.75,1.5410e+01,6.8505e-01
5233.53,1.6128e+01,6.8111e-01
5234.30,1.8075e+01,6.9689e-01
5235.08,1.6899e+01,6.9517e-01
5235.85,1.7376e+01,6.9550e-01
5236.63,1.9078e+01,7.0358e-01
5237.40,1.8001e+01,7.0479e-01
5238.18,1.9412e+01,7.0711e-01
5238.95,1.8562e+01,7.1150e-01
5239.73,1.5718e+01,7.0366e-01
5240.50,1.7123e+01,7.0588e-01
5241.28,1.8667e+01,7.0609e-01
5242.05,1.7127e+01,7.0731e-01
5242.83,1.5852e+01,7.0756e-01
5243.60,1.7469e+01,7.1859e-01
5244.38,1.9818e+01,7.1761e-01
5245.15,1.7814e+01,7.1495e-01
5245.93,1.6897e+01,7.2868e-01
5246.70,1.6913e+01,7.1328e-01
5247.48,1.8042e+01,6.9144e-01
5248.25,1.6385e+01,6.9502e-01
5249.03,1.6923e+01,7.0076e-01
5249.80,1.5537e+01,6.9297e-01
5250.58,1.8003e+01,6.8803e-01
5251.35,1.6430e+01,6.9383e-01
5252.13,1.5003e+01,6.9911e-01
5252.90,1.7541e+01,6.9922e-01
5253.68,1.8342e+01,7.0261e-01
5254.45,1.6421e+01,7.0009e-01
5255.23,1.9701e+01,6.9278e-01
5256.00,1.7117e+01,7.0036e-01
5256.78,1.6263e+01,7.0639e-01
5257.55,1.7746e+01,7.0435e-01
5258.33,2.1062e+01,7.0391e-01
5259.10,1.8277e+01,7.0441e-01
5259.88,1.9158e+01,7.0196e-01
5260.65,1.7219e+01,6.9925e-01
5261.43,1.7866e+01,6.9300e-01
5262.20,1.7640e+01,6.7980e-01
5262.98,1.8727e+01,6.7653e-01
5263.75,1.8577e+01,6.7324e-01
5264.53,1.6421e+01,6.7071e-01
5265.30,1.6400e+01,6.6941e-01
5266.08,1.5935e+01,6.6189e-01
5266.85,1.7989e+01,6.6945e-01
5267.63,1.8020e+01,6.9046e-01
5268.40,1.5168e+01,6.8978e-01
5269.18,1.4185e+01,6.6587e-01
5269.95,1.6020e+01,6.4295e-01
5270.73,1.6962e+01,6.5324e-01
5271.50,1.6441e+01,6.8186e-01
5272.28,1.7752e+01,6.9072e-01
5273.05,1.9007e+01,6.8272e-01
5273.82,1.8907e+01,6.7947e-01
5274.60,1.4960e+01,6.8739e-01
5275.37,1.4115e+01,6.7574e-01
5276.15,1.4984e+01,6.7242e-01
5276.92,1.7798e+01,6.8926e-01
5277.70,1.7473e+01,7.0226e-01
5278.47,1.6015e+01,6.9801e-01
5279.25,1.4620e+01,6.9656e-01
5280.02,1.5699e+01,6.9005e-01
5280.80,1.3376e+01,6.8672e-01
5281.57,1.4175e+01,6.8318e-01
5282.35,1.3093e+01,6.8085e-01
5283.12,1.4940e+01,6.8182e-01
5283.90,1.8044e+01,6.7117e-01
5284.67,1.7935e+01,6.7766e-01
5285.45,1.8608e+01,6.9112e-01
5286.22,1.4681e+01,6.9674e-01
5287.00,1.5013e+01,6.9918e-01
5287.77,1.6496e+01,6.9717e-01
5288.55,1.6086e+01,6.9471e-01
5289.32,1.4192e+01,6.9451e-01
5290.10,1.5020e+01,6.9659e-01
5290.87,1.8382e+01,6.9944e-01
5291.65,1.7773e+01,6.9816e-01
5292.42,1.8548e+01,6.9534e-01
5293.20,1.6283e+01,6.9246e-01
5293.97,1.6366e+01,6.9548e-01
5294.75,1.5880e+01,6.9562e-01
5295.52,1.8919e+01,6.9492e-01
5296.30,1.5471e+01,6.9158e-01
5297.07,1.6357e+01,6.8132e-01
5297.85,1.5248e+01,6.8025e-01
5298.62,1.5373e+01,6.7752e-01
5299.40,1.9385e+01,6.8632e-01
5300.17,1.4260e+01,6.9187e-01
5300.95,1.9135e+01,6.8800e-01
5301.72,1.6993e+01,6.8345e-01
5302.50,1.5329e+01,6.8035e-01
5303.27,1.3349e+01,6.8698e-01
5304.05,1.2665e+01,6.9774e-01
5304.82,1.6179e+01,6.9401e-01
5305.60,1.7670e+01,6.9733e-01
5306.37,1.6942e+01,6.9461e-01
5307.15,1.6006e+01,6.8921e-01
5307.92,1.9602e+01,6.8754e-01
5308.70,1.7850e+01,6.9296e-01
5309.47,1.4626e+01,6.9244e-01
5310.25,1.7725e+01,6.9187e-01
5311.02,1.7052e+01,6.9589e-01
5311.80,1.7006e+01,6.9648e-01
5312.57,1.6681e+01,6.9622e-01
5313.35,1.7643e+01,6.9436e-01
5314.12,1.7980e+01,6.9329e-01
5314.90,1.6754e+01,6.9255e-01
5315.67,1.7445e+01,6.8988e-01
5316.45,1.6455e+01,6.8261e-01
5317.22,1.8321e+01,6.7970e-01
5318.00,1.7304e+01,6.9001e-01
5318.77,1.7811e+01,6.9264e-01
5319.55,1.7373e+01,6.9364e-01
5320.32,1.5548e+01,6.9308e-01
5321.10,1.7592e+01,6.9060e-01
5321.87,1.8684e+01,6.8760e-01
5322.65,1.7602e+01,6.9020e-01
5323.42,1.4734e+01,6.8780e-01
5324.20,1.6579e+01,6.7027e-01
5324.97,1.5592e+01,6.7393e-01
5325.75,1.6840e+01,6.8645e-01
5326.52,1.7897e+01,6.9425e-01
5327.30,2.1646e+01,6.9096e-01
5328.07,1.8567e+01,6.6099e-01
5328.85,2.0499e+01,6.5167e-01
5329.62,1.8140e+01,6.6922e-01
5330.40,2.0703e+01,6.8854e-01
5331.17,2.0719e+01,6.9593e-01
5331.95,1.8543e+01,6.9378e-01
5332.72,1.8002e+01,6.8432e-01
5333.49,1.8882e+01,6.8493e-01
5334.27,1.7418e+01,6.9150e-01
5335.04,1.8175e+01,6.9420e-01
5335.82,1.6969e+01,6.9429e-01
5336.59,1.6824e+01,6.8998e-01
5337.37,1.6675e+01,6.8862e-01
5338.14,1.6597e+01,6.9229e-01
5338.92,1.9479e+01,6.9011e-01
5339.69,2.0131e+01,6.8170e-01
5340.47,1.8070e+01,6.7033e-01
5341.24,1.5859e+01,6.7130e-01
5342.02,1.5521e+01,6.8430e-01
5342.79,2.1232e+01,6.8903e-01
5343.57,1.6647e+01,6.8967e-01
5344.34,1.5258e+01,6.9377e-01
5345.12,1.6360e+01,6.9308e-01
5345.89,1.5588e+01,6.8435e-01
5346.67,1.7751e+01,6.8745e-01
5347.44,1.7008e+01,6.9281e-01
5348.22,1.9627e+01,6.8633e-01
5348.99,1.4036e+01,6.7886e-01
5349.77,1.7412e+01,6.8279e-01
5350.54,1.9019e+01,6.9200e-01
5351.32,1.7513e+01,6.9887e-01
5352.09,1.7397e+01,7.0384e-01
5352.87,1.6179e+01,7.0147e-01
5353.64,1.7622e+01,6.9084e-01
5354.42,1.3836e+01,6.9383e-01
5355.19,1.3590e+01,7.0013e-01
5355.97,1.6148e+01,7.0315e-01
5356.74,1.9770e+01,7.0277e-01
5357.52,1.7549e+01,6.9842e-01
5358.29,1.6986e+01,7.0044e-01
5359.07,1.7653e+01,6.9903e-01
5359.84,1.9265e+01,6.9749e-01
5360.62,1.7547e+01,6.9934e-01
5361.39,1.8881e+01,6.9697e-01
5362.17,1.6745e+01,7.0283e-01
5362.94,1.6115e+01,7.0200e-01
5363.72,1.6547e+01,6.9686e-01
5364.49,1.3605e+01,6.8856e-01
5365.27,1.3991e+01,6.7882e-01
5366.04,1.6581e+01,6.8722e-01
5366.82,1.7728e+01,6.9117e-01
5367.59,1.8038e+01,6.8522e-01
5368.37,1.9534e+01,6.8848e-01
5369.14,1.9411e+01,6.9047e-01
5369.92,1.7653e+01,6.7683e-01
5370.69,1.7308e+01,6.7595e-01
5371.47,1.7957e+01,6.6913e-01
5372.24,1.8247e+01,6.7525e-01
5373.02,1.8338e+01,6.9105e-01
5373.79,1.7093e+01,6.9304e-01
5374.57,1.6221e+01,6.9723e-01
5375.34,1.7018e+01,6.9743e-01
5376.12,2.0316e+01,6.9928e-01
5376.89,1.5061e+01,6.9673e-01
5377.67,1.6695e+01,6.9402e-01
5378.44,1.8593e+01,6.9677e-01
5379.22,1.7235e+01,6.9823e-01
5379.99,1.9113e+01,6.9386e-01
5380.77,1.6781e+01,6.9346e-01
5381.54,1.7581e+01,6.9439e-01
5382.32,1.9905e+01,6.9383e-01
5383.09,1.8816e+01,6.8634e-01
5383.87,1.8161e+01,6.8395e-01
5384.64,1.6853e+01,6.9514e-01
5385.42,1.8603e+01,7.0060e-01
5386.19,1.7885e+01,6.9933e-01
5386.97,2.0100e+01,6.9767e-01
5387.74,1.8455e+01,7.0826e-01
5388.52,1.5475e+01,6.9930e-01
5389.29,1.5941e+01,6.9463e-01
5390.07,1.7673e+01,6.9220e-01
5390.84,1.9417e+01,6.9216e-01
5391.61,1.2727e+01,6.9213e-01
5392.39,1.5691e+01,7.0092e-01
5393.16,1.7218e+01,6.8687e-01
5393.94,1.5679e+01,6.8722e-01
5394.71,1.5762e+01,6.9151e-01
5395.49,1.7671e+01,6.9234e-01
5396.26,1.7104e+01,6.9338e-01
5397.04,1.7980e+01,6.8061e-01
5397.81,1.3845e+01,6.7641e-01
5398.59,1.2803e+01,6.8826e-01
5399.36,1.4533e+01,6.9927e-01
5400.14,1.3975e+01,6.9995e-01
5400.91,1.8265e+01,6.8777e-01
5401.69,1.6478e+01,6.9371e-01
5402.46,1.6035e+01,6.9954e-01
5403.24,1.6654e+01,6.9613e-01
5404.01,1.5565e+01,6.8008e-01
5404.79,1.6979e+01,6.7394e-01
5405.56,1.6311e+01,6.7421e-01
5406.34,1.6787e+01,6.7623e-01
5407.11,1.3213e+01,6.8810e-01
5407.89,1.6333e+01,6.9289e-01
5408.66,1.6889e+01,6.9549e-01
5409.44,1.8406e+01,6.8795e-01
5410.21,4.6905e-26,1.0000e-01
5410.99,5.6690e-26,1.0000e-01
5411.76,6.4561e-26,1.0000e-01
5412.54,6.7245e-26,1.0000e-01
5413.31,7.1447e-26,1.0000e-01
5414.09,8.0206e-26,1.0000e-01
5414.86,8.6679e-26,1.0000e-01
5415.64,7.8614e-26,1.0000e-01
5416.41,2.5411e-01,1.7543e-01
5417.19,6.3659e+00,4.4746e-01
5417.96,7.7726e+01,1.3776e+00
5419.51,1.5048e+01,6.6800e-01
5420.29,1.8398e+01,6.8086e-01
5421.06,1.6679e+01,6.7624e-01
5421.84,1.7433e+01,6.7815e-01
5422.61,1.6362e+01,6.8301e-01
5423.39,1.6995e+01,6.8041e-01
5424.16,1.5973e+01,6.6282e-01
5424.94,1.5431e+01,6.6660e-01
5425.71,1.5616e+01,6.7834e-01
5426.49,1.7772e+01,6.8656e-01
5427.26,1.8292e+01,6.8788e-01
5428.04,1.5704e+01,6.8599e-01
5428.81,1.4953e+01,6.8085e-01
5429.59,1.5727e+01,6.6224e-01
5430.36,1.6724e+01,6.6497e-01
5431.14,1.5962e+01,6.8171e-01
5431.91,1.7433e+01,6.8468e-01
5432.69,1.5118e+01,6.7918e-01
5433.46,1.5170e+01,6.7762e-01
5434.24,1.4508e+01,6.7608e-01
5435.01,1.6654e+01,6.7659e-01
5435.79,1.4479e+01,6.7404e-01
5436.56,1.5917e+01,6.7606e-01
5437.34,1.6986e+01,6.8377e-01
5438.11,1.3267e+01,6.9297e-01
5438.89,1.6018e+01,6.9783e-01
5439.66,1.2970e+01,6.9721e-01
5440.44,1.4153e+01,6.9400e-01
5441.21,1.6807e+01,6.9315e-01
5441.99,1.6132e+01,6.8593e-01
5442.76,1.1583e+01,6.8689e-01
5443.54,1.6893e+01,6.8749e-01
5444.31,1.5310e+01,6.8466e-01
5445.09,1.3217e+01,6.7468e-01
5445.86,1.1294e+01,6.7386e-01
5446.64,1.2593e+01,6.6576e-01
5447.41,1.4574e+01,6.6275e-01
5448.19,1.4079e+01,6.8104e-01
5448.96,1.3373e+01,6.8732e-01
5449.74,1.4353e+01,6.8924e-01
5450.51,1.4080e+01,6.8843e-01
5451.28,1.4757e+01,6.8855e-01
5452.06,1.4656e+01,6.8681e-01
5452.83,1.5294e+01,6.8467e-01
5453.61,1.4906e+01,6.8528e-01
5454.38,1.3602e+01,6.8284e-01
5455.16,1.1810e+01,6.7082e-01
5455.93,1.5202e+01,6.6152e-01
5456.71,1.5303e+01,6.7502e-01
5457.48,1.4426e+01,6.8691e-01
5458.26,1.5178e+01,6.8692e-01
5459.03,1.4903e+01,6.8956e-01
5459.81,1.6228e+01,6.8717e-01
5460.58,1.5403e+01,6.8836e-01
5461.36,1.4164e+01,6.8635e-01
5462.13,1.6627e+01,6.8331e-01
5462.91,1.7453e+01,6.8451e-01
5463.68,1.5819e+01,6.8526e-01
5464.46,1.6889e+01,6.8199e-01
5465.23,1.4857e+01,6.8726e-01
5466.01,1.1611e+01,6.8322e-01
5466.78,1.3720e+01,6.7875e-01
5467.56,1.6538e+01,6.8175e-01
5468.33,1.6930e+01,6.8828e-01
5469.11,1.7145e+01,6.8633e-01
5469.88,1.7746e+01,6.8510e-01
5470.66,1.6607e+01,6.8074e-01
5471.43,1.6948e+01,6.8313e-01
5472.21,1.8411e+01,6.8580e-01
5472.98,1.5564e+01,6.8385e-01
5473.76,1.8615e+01,6.7984e-01
5474.53,1.8492e+01,6.8135e-01
5475.31,1.6677e+01,6.8359e-01
5476.08,1.7557e+01,6.7633e-01
5476.86,1.7189e+01,6.6061e-01
5477.63,1.6770e+01,6.6903e-01
5478.41,1.6896e+01,6.7877e-01
5479.18,1.5615e+01,6.8646e-01
5479.96,1.6317e+01,6.8643e-01
5480.73,1.5229e+01,6.8010e-01
5481.51,1.6293e+01,6.7405e-01
5482.28,1.8266e+01,6.7870e-01
5483.06,1.8061e+01,6.7954e-01
5483.83,1.4609e+01,6.8097e-01
5484.61,1.6501e+01,6.8702e-01
5485.38,1.5576e+01,6.8642e-01
5486.16,1.4245e+01,6.8709e-01
5486.93,1.5554e+01,6.8171e-01
5487.71,1.6986e+01,6.7573e-01
5488.48,1.4239e+01,6.7643e-01
5489.26,1.5348e+01,6.8519e-01
5490.03,1.6974e+01,6.8223e-01
5490.81,1.6531e+01,6.8438e-01
5491.58,1.6626e+01,6.8671e-01
5492.36,1.6967e+01,6.8676e-01
5493.13,1.7011e+01,6.8113e-01
5493.91,1.8987e+01,6.7837e-01
5494.68,1.8335e+01,6.8742e-01
5495.46,1.8273e+01,6.8640e-01
5496.23,1.8097e+01,6.8890e-01
5497.01,1.8303e+01,6.8240e-01
5497.78,1.8175e+01,6.7908e-01
5498.56,1.5805e+01,6.8457e-01
5499.33,1.6121e+01,6.8945e-01
5500.11,1.7687e+01,6.8801e-01
5500.88,1.6852e+01,6.8309e-01
5501.66,1.4520e+01,6.7583e-01
5502.43,1.4900e+01,6.7765e-01
5503.21,1.6409e+01,6.7916e-01
5503.98,1.6174e+01,6.8242e-01
5504.76,1.3899e+01,6.8495e-01
5505.53,1.6743e+01,6.8333e-01
5506.31,1.7000e+01,6.7771e-01
5507.08,1.8385e+01,6.7537e-01
5507.86,1.8664e+01,6.8179e-01
5508.63,1.8732e+01,6.8564e-01
5509.41,1.6794e+01,6.8375e-01
5510.18,1.5358e+01,6.8102e-01
5510.95,1.6152e+01,6.8575e-01
5511.73,1.8847e+01,6.8635e-01
5512.50,1.7523e+01,6.7826e-01
5513.28,1.9723e+01,6.7393e-01
5514.05,1.8717e+01,6.7808e-01
5514.83,1.8653e+01,6.8196e-01
5515.60,1.8241e+01,6.8308e-01
5516.38,1.7916e+01,6.8323e-01
5517.15,1.8751e+01,6.8199e-01
5517.93,1.7833e+01,6.8597e-01
5518.70,1.9620e+01,6.9504e-01
5519.48,1.8718e+01,6.9507e-01
5520.25,1.6423e+01,6.9257e-01
5521.03,1.7931e+01,6.9100e-01
5521.80,1.9821e+01,6.8947e-01
5522.58,1.7591e+01,6.8570e-01
5523.35,1.6009e+01,6.8525e-01
5524.13,1.7263e+01,6.8655e-01
5524.90,1.4956e+01,6.8566e-01
5525.68,1.8701e+01,6.8211e-01
5526.45,1.6965e+01,6.8200e-01
5527.23,1.5630e+01,6.8361e-01
5528.00,1.6809e+01,6.7755e-01
5528.78,1.9351e+01,6.6853e-01
5529.55,1.8379e+01,6.7472e-01
5530.33,1.7459e+01,6.8518e-01
5531.10,1.6010e+01,6.8417e-01
5531.88,1.6780e+01,6.8381e-01
5532.65,1.5709e+01,6.8058e-01
5533.43,1.7928e+01,6.8158e-01
5534.20,1.7212e+01,6.8462e-01
5534.98,1.6354e+01,6.7902e-01
5535.75,1.6988e+01,6.7627e-01
5536.53,1.5868e+01,6.8110e-01
5537.30,1.8655e+01,6.8104e-01
5538.08,1.8624e+01,6.8206e-01
5538.85,1.5579e+01,6.8004e-01
5539.63,1.5667e+01,6.8132e-01
5540.40,1.7230e+01,6.8389e-01
5541.18,1.7264e+01,6.8381e-01
5541.95,1.6397e+01,6.8500e-01
5542.73,1.7974e+01,6.8238e-01
5543.50,1.5709e+01,6.8419e-01
5544.28,1.7400e+01,6.8774e-01
5545.05,1.5458e+01,6.8497e-01
5545.83,1.6662e+01,6.8196e-01
5546.60,1.4824e+01,6.7878e-01
5547.38,1.5947e+01,6.7757e-01
5548.15,1.3956e+01,6.8266e-01
5548.93,1.5961e+01,6.8436e-01
5549.70,1.8652e+01,6.8342e-01
5550.48,1.5492e+01,6.8469e-01
5551.25,1.7827e+01,6.8466e-01
5552.03,1.6129e+01,6.9289e-01
5552.80,1.4537e+01,6.8508e-01
5553.58,1.7244e+01,6.7986e-01
5554.35,1.6960e+01,6.7956e-01
5555.13,1.6590e+01,6.7872e-01
5555.90,1.7692e+01,6.8531e-01
5556.68,1.7945e+01,6.8598e-01
5557.45,1.8492e+01,6.8156e-01
5558.23,1.4129e+01,6.8025e-01
5559.00,1.9547e+01,6.8113e-01
5559.78,1.6903e+01,6.8047e-01
5560.55,1.7602e+01,6.7977e-01
5561.33,1.8069e+01,6.8183e-01
5562.10,1.9244e+01,6.7868e-01
5562.88,1.9367e+01,6.7415e-01
5563.65,1.8829e+01,6.7594e-01
5564.43,1.8613e+01,6.8146e-01
5565.20,1.8040e+01,6.8039e-01
5565.98,1.7722e+01,6.7410e-01
5566.75,1.9162e+01,6.7554e-01
5567.53,1.9015e+01,6.7590e-01
5568.30,1.9130e+01,6.7802e-01
5569.07,2.0493e+01,6.7448e-01
5569.85,1.7829e+01,6.7136e-01
5570.62,1.7713e+01,6.7577e-01
5571.40,1.8477e+01,6.8069e-01
5572.17,1.7587e+01,6.7674e-01
5572.95,1.7789e+01,6.6721e-01
5573.72,1.7130e+01,6.7157e-01
5574.50,1.8942e+01,6.8415e-01
5575.27,1.7542e+01,6.9193e-01
5576.05,1.4741e+01,7.4593e-01
5576.82,4.6816e-01,1.1192e+00
5577.60,-6.6255e+00,1.3978e+00
5578.37,6.5236e+00,1.1581e+00
5579.15,1.7318e+01,7.6583e-01
5579.92,1.5156e+01,7.0121e-01
5580.70,1.7371e+01,6.8822e-01
5581.47,1.5988e+01,6.8217e-01
5582.25,1.3993e+01,6.7724e-01
5583.02,1.7626e+01,6.7764e-01
5583.80,1.4922e+01,6.7777e-01
5584.57,1.7829e+01,6.7862e-01
5585.35,1.9886e+01,6.7501e-01
5586.12,1.8416e+01,6.7194e-01
5586.90,2.1296e+01,6.6228e-01
5587.67,1.8671e+01,6.6229e-01
5588.45,1.8903e+01,6.6550e-01
5589.22,2.0657e+01,6.6554e-01
5590.00,2.1506e+01,6.7031e-01
5590.77,1.7696e+01,6.7886e-01
5591.55,1.9469e+01,6.8438e-01
5592.32,1.7557e+01,6.7147e-01
5593.10,1.6997e+01,6.7156e-01
5593.87,1.7442e+01,6.6852e-01
5594.65,1.7071e+01,6.6385e-01
5595.42,1.8747e+01,6.6750e-01
5596.20,1.9955e+01,6.7589e-01
5596.97,1.9363e+01,6.7756e-01
5597.75,1.9076e+01,6.8133e-01
5598.52,1.8106e+01,6.7167e-01
5599.30,1.5439e+01,6.7142e-01
5600.07,1.5348e+01,6.7074e-01
5600.85,1.6576e+01,6.6727e-01
5601.62,1.6499e+01,6.6466e-01
5602.40,2.0464e+01,6.6327e-01
5603.17,1.7541e+01,6.5967e-01
5603.95,1.6443e+01,6.6383e-01
5604.72,1.8195e+01,6.7373e-01
5605.50,1.8332e+01,6.7589e-01
5606.27,1.8874e+01,6.7582e-01
5607.05,1.8989e+01,6.7520e-01
5607.82,1.7076e+01,6.7312e-01
5608.60,1.6868e+01,6.7238e-01
5609.37,1.8229e+01,6.7159e-01
5610.15,1.7462e+01,6.7429e-01
5610.92,1.7555e+01,6.7785e-01
5611.70,1.4821e+01,6.8104e-01
5612.47,1.8278e+01,6.7982e-01
5613.25,1.7856e+01,6.7562e-01
5614.02,1.5015e+01,6.7332e-01
5614.80,1.7095e+01,6.6475e-01
5615.57,1.7948e+01,6.5418e-01
5616.35,1.5828e+01,6.5372e-01
5617.12,1.7485e+01,6.6357e-01
5617.90,1.8329e+01,6.6549e-01
5618.67,1.7921e+01,6.6362e-01
5619.45,1.6021e+01,6.6298e-01
5620.22,1.6417e+01,6.6252e-01
5621.00,1.8389e+01,6.6253e-01
5621.77,1.7522e+01,6.6286e-01
5622.55,1.9679e+01,6.6321e-01
5623.32,1.7487e+01,6.6101e-01
5624.10,1.8027e+01,6.5614e-01
5624.87,1.9731e+01,6.5199e-01
5625.65,1.6599e+01,6.5459e-01
5626.42,1.8674e+01,6.5749e-01
5627.20,1.7918e+01,6.5940e-01
5627.97,1.7360e+01,6.5814e-01
5628.74,1.7695e+01,6.5908e-01
5629.52,1.7955e+01,6.5990e-01
5630.29,1.6655e+01,6.6144e-01
5631.07,1.7480e+01,6.5980e-01
5631.84,1.7403e+01,6.5908e-01
5632.62,1.9368e+01,6.5837e-01
5633.39,1.9905e+01,6.5596e-01
5634.17,1.9413e+01,6.5306e-01
5634.94,1.8002e+01,6.5120e-01
5635.72,1.9401e+01,6.5023e-01
5636.49,1.9044e+01,6.4841e-01
5637.27,2.0175e+01,6.4723e-01
5638.04,2.1189e+01,6.4574e-01
5638.82,2.0675e+01,6.4793e-01
5639.59,1.8858e+01,6.4860e-01
5640.37,1.8361e+01,6.4883e-01
5641.14,2.0481e+01,6.4584e-01
5641.92,2.0965e+01,6.4422e-01
5642.69,1.9165e+01,6.4323e-01
5643.47,1.8411e+01,6.4358e-01
5644.24,1.7710e+01,6.4446e-01
5645.02,2.0213e+01,6.4555e-01
5645.79,2.1719e+01,6.4450e-01
5646.57,2.0432e+01,6.4421e-01
5647.34,1.6893e+01,6.4440e-01
5648.12,1.8876e+01,6.4411e-01
5648.89,1.7708e+01,6.4184e-01
5649.67,1.9372e+01,6.3859e-01
5650.44,2.1310e+01,6.3683e-01
5651.22,1.9535e+01,6.3613e-01
5651.99,1.7191e+01,6.4254e-01
5652.77,1.6453e+01,6.3955e-01
5653.54,1.6267e+01,6.3568e-01
5654.32,1.7809e+01,6.3162e-01
5655.09,1.9054e+01,6.2867e-01
5655.87,1.9945e+01,6.2855e-01
5656.64,1.8712e+01,6.2960e-01
5657.42,1.9673e+01,6.2749e-01
5658.19,1.9801e+01,6.2102e-01
5658.97,1.8918e+01,6.1683e-01
5659.74,1.8475e+01,6.2021e-01
5660.52,1.7774e+01,6.2352e-01
5661.29,1.9168e+01,6.2335e-01
5662.07,1.8533e+01,6.2294e-01
5662.84,1.8399e+01,6.2159e-01
5663.62,1.8233e+01,6.2189e-01
5664.39,1.8702e+01,6.2265e-01
5665.17,1.9135e+01,6.2309e-01
5665.94,2.0943e+01,6.2352e-01
5666.72,1.9470e+01,6.2037e-01
5667.49,1.8308e+01,6.1839e-01
5668.27,1.9248e+01,6.1904e-01
5669.04,2.0303e+01,6.1888e-01
5669.82,1.9319e+01,6.1833e-01
5670.59,1.8510e+01,6.1886e-01
5671.37,1.7570e+01,6.1714e-01
5672.14,1.7290e+01,6.1824e-01
5672.92,1.9863e+01,6.2085e-01
5673.69,2.1552e+01,6.2164e-01
5674.47,2.2973e+01,6.1758e-01
5675.24,2.1442e+01,6.1304e-01
5676.02,1.9990e+01,6.1061e-01
5676.79,1.7699e+01,6.1079e-01
5677.57,1.6058e+01,6.1122e-01
5678.34,1.8049e+01,6.1026e-01
5679.12,1.9027e+01,6.0804e-01
5679.89,1.9144e+01,6.0640e-01
5680.67,1.8467e+01,6.0609e-01
5681.44,1.8083e+01,6.0438e-01
5682.22,1.8365e+01,6.0043e-01
5682.99,1.8230e+01,5.9602e-01
5683.77,1.6773e+01,5.9769e-01
5684.54,1.5033e+01,6.0385e-01
5685.32,1.5732e+01,6.0835e-01
5686.09,1.6639e+01,6.0698e-01
5686.86,1.6179e+01,5.9993e-01
5687.64,1.6546e+01,5.9329e-01
5688.41,1.6498e+01,5.9108e-01
5689.19,1.6833e+01,5.9122e-01
5689.96,1.6538e+01,6.5318e-01
5690.74,1.6821e+01,6.5454e-01
5691.51,1.7890e+01,6.5862e-01
5692.29,1.7548e+01,6.5825e-01
5693.06,1.5347e+01,6.5104e-01
5693.84,1.5687e+01,6.4615e-01
5694.61,1.7349e+01,6.4511e-01
5695.39,1.6341e+01,6.4325e-01
5696.16,1.6359e+01,6.4312e-01
5696.94,1.8316e+01,6.4351e-01
5697.71,1.8090e+01,6.4098e-01
5698.49,1.7050e+01,6.3707e-01
5699.26,1.7534e+01,6.3485e-01
5700.04,1.7885e+01,6.3386e-01
5700.81,1.7685e+01,6.3247e-01
5701.59,1.7592e+01,6.2997e-01
5702.36,1.7989e+01,6.2824e-01
5703.14,1.8770e+01,6.2820e-01
5703.91,1.9171e+01,6.2880e-01
5704.69,1.9088e+01,6.2805e-01
5705.46,1.8874e+01,6.2530e-01
5706.24,1.8960e+01,6.2230e-01
5707.01,1.8947e+01,6.1949e-01
5707.79,1.7667e+01,6.1646e-01
5708.56,1.7011e+01,6.1297e-01
5709.34,1.8183e+01,6.0953e-01
5710.11,1.8933e+01,6.0820e-01
5710.89,1.8750e+01,6.0840e-01
5711.66,1.8732e+01,6.0850e-01
5712.44,1.8544e+01,6.0972e-01
5713.21,1.7989e+01,6.1246e-01
5713.99,1.6867e+01,6.1610e-01
5714.76,1.6593e+01,6.1711e-01
5715.54,1.7910e+01,6.1413e-01
5716.31,1.7841e+01,6.1386e-01
5717.09,1.6573e+01,6.1648e-01
5717.86,1.7377e+01,6.1563e-01
5718.64,1.7804e+01,6.1319e-01
5719.41,1.6500e+01,6.1215e-01
5720.19,1.7491e+01,6.1257e-01
5720.96,1.8931e+01,6.1322e-01
5721.74,1.7415e+01,6.1252e-01
5722.51,1.5453e+01,6.1245e-01
5723.29,1.5611e+01,6.1291e-01
5724.06,1.7951e+01,6.1136e-01
5724.84,2.0106e+01,6.0932e-01
5725.61,1.9918e+01,6.0870e-01
5726.39,1.9639e+01,6.0811e-01
5727.16,1.9228e+01,6.0712e-01
5727.94,1.7110e+01,6.0649e-01
5728.71,1.5709e+01,6.0647e-01
5729.49,1.6112e+01,6.0632e-01
5730.26,1.6412e+01,6.0485e-01
5731.04,1.6322e+01,6.0272e-01
5731.81,1.6427e+01,6.0157e-01
5732.59,1.6173e+01,6.0234e-01
5733.36,1.5694e+01,6.0391e-01
5734.14,1.5007e+01,6.0385e-01
5734.91,1.6742e+01,6.0428e-01
5735.69,2.0516e+01,6.0628e-01
5736.46,2.0446e+01,6.0538e-01
5737.24,1.7125e+01,6.0288e-01
5738.01,1.5448e+01,6.0274e-01
5738.79,1.6157e+01,6.0332e-01
5739.56,1.8000e+01,6.0282e-01
5740.34,1.8706e+01,6.0145e-01
5741.11,1.8680e+01,6.0058e-01
5741.89,1.9227e+01,6.0121e-01
5742.66,1.8787e+01,6.0132e-01
5743.44,1.7562e+01,6.0052e-01
5744.21,1.6740e+01,6.0033e-01
5744.99,1.7472e+01,6.0021e-01
5745.76,1.9055e+01,5.9947e-01
5746.53,1.8792e+01,5.9872e-01
5747.31,1.7520e+01,5.9714e-01
5748.08,1.7597e+01,5.9456e-01
5748.86,1.8087e+01,5.9329e-01
5749.63,1.8052e+01,5.9453e-01
5750.41,1.7527e+01,5.9771e-01
5751.18,1.6769e+01,5.9888e-01
5751.96,1.6456e+01,5.9594e-01
5752.73,1.7126e+01,5.9187e-01
5753.51,1.8404e+01,5.8893e-01
5754.28,1.9267e+01,5.8729e-01
5755.06,1.9703e+01,5.8901e-01
5755.83,1.9689e+01,5.9322e-01
5756.61,1.8403e+01,5.9710e-01
5757.38,1.7677e+01,5.9859e-01
5758.16,1.8735e+01,5.9790e-01
5758.93,1.9483e+01,5.9746e-01
5759.71,1.8477e+01,5.9733e-01
5760.48,1.6393e+01,5.9506e-01
5761.26,1.5211e+01,5.9202e-01
5762.03,1.5943e+01,5.9012e-01
5762.81,1.6783e+01,5.8909e-01
5763.58,1.7277e+01,5.8985e-01
5764.36,1.7901e+01,5.9262e-01
5765.13,1.8850e+01,5.9511e-01
5765.91,1.9368e+01,5.9609e-01
5766.68,1.7570e+01,5.9669e-01
5767.46,1.6495e+01,5.9653e-01
5768.23,1.8236e+01,5.9560e-01
5769.01,1.8372e+01,5.9516e-01
5769.78,1.6649e+01,5.9539e-01
5770.56,1.6440e+01,5.9545e-01
5771.33,1.6464e+01,5.9480e-01
5772.11,1.5943e+01,5.9373e-01
5772.88,1.6498e+01,5.9367e-01
5773.66,1.7164e+01,5.9394e-01
5774.43,1.6683e+01,5.9339e-01
5775.21,1.6557e+01,5.9234e-01
5775.98,1.7115e+01,5.9187e-01
5776.76,1.7074e+01,5.9297e-01
5777.53,1.7006e+01,5.9415e-01
5778.31,1.7551e+01,5.9367e-01
5779.08,1.8928e+01,5.9244e-01
5779.86,1.9615e+01,5.9029e-01
5780.63,1.8100e+01,5.8733e-01
5781.41,1.7520e+01,5.8527e-01
5782.18,1.8533e+01,5.8476e-01
5782.96,1.7220e+01,5.8504e-01
5783.73,1.5814e+01,5.8551e-01
5784.51,1.7079e+01,5.8592e-01
5785.28,1.8488e+01,5.8567e-01
5786.06,1.8914e+01,5.8567e-01
5786.83,1.9211e+01,5.8725e-01
5787.61,1.9148e+01,5.8859e-01
5788.38,1.9112e+01,5.8877e-01
5789.16,2.0344e+01,5.9024e-01
5789.93,2.1188e+01,5.9136e-01
5790.71,1.9791e+01,5.8977e-01
5791.48,1.9008e+01,5.8843e-01
5792.26,1.9836e+01,5.8842e-01
5793.03,2.0034e+01,5.8746e-01
5793.81,1.9976e+01,5.8711e-01
5794.58,2.0261e+01,5.8849e-01
5795.36,2.0423e+01,5.9015e-01
5796.13,2.0113e+01,5.9081e-01
5796.91,1.9368e+01,5.9054e-01
5797.68,1.8660e+01,5.8851e-01
5798.46,1.8319e+01,5.8630e-01
5799.23,1.8134e+01,5.8687e-01
5800.01,1.8204e+01,5.8936e-01
5800.78,1.8587e+01,5.9089e-01
5801.56,1.9377e+01,5.9131e-01
5802.33,2.0086e+01,5.9077e-01
5803.11,2.0278e+01,5.8994e-01
5803.88,1.9224e+01,5.8855e-01
5804.66,1.7611e+01,5.8636e-01
5805.43,1.7905e+01,5.8346e-01
5806.20,1.9075e+01,5.8157e-01
5806.98,1.8598e+01,5.8220e-01
5807.75,1.8456e+01,5.8331e-01
5808.53,1.9245e+01,5.8371e-01
5809.30,1.9185e+01,5.8486e-01
5810.08,1.8565e+01,5.8587e-01
5810.85,1.8236e+01,5.8638e-01
5811.63,1.8140e+01,5.8752e-01
5812.40,1.8253e+01,5.9018e-01
5813.18,1.8469e+01,5.9345e-01
5813.95,1.8655e+01,5.9489e-01
5814.73,1.8850e+01,5.9256e-01
5815.50,1.9500e+01,5.8643e-01
5816.28,1.9765e+01,5.8057e-01
5817.05,1.8931e+01,5.7887e-01
5817.83,1.8182e+01,5.7973e-01
5818.60,1.8051e+01,5.8076e-01
5819.38,1.7688e+01,5.8220e-01
5820.15,1.8177e+01,5.8237e-01
5820.93,1.9469e+01,5.8122e-01
5821.70,1.8728e+01,5.8069e-01
5822.48,1.6927e+01,5.8072e-01
5823.25,1.6847e+01,5.7985e-01
5824.03,1.8408e+01,5.8063e-01
5824.80,1.9890e+01,5.8298e-01
5825.58,1.9574e+01,5.8432e-01
5826.35,1.8005e+01,5.8234e-01
5827.13,1.7108e+01,5.7774e-01
5827.90,1.7824e+01,5.7488e-01
5828.68,1.9295e+01,5.7503e-01
5829.45,1.9503e+01,5.7550e-01
5830.23,1.9284e+01,5.7560e-01
5831.00,1.9284e+01,5.7502e-01
5831.78,1.8058e+01,5.7415e-01
5832.55,1.6423e+01,5.7339e-01
5833.33,1.5887e+01,5.7292e-01
5834.10,1.6289e+01,5.7243e-01
5834.88,1.7092e+01,5.7139e-01
5835.65,1.7693e+01,5.6993e-01
5836.43,1.8930e+01,5.6894e-01
5837.20,2.0677e+01,5.6877e-01
5837.98,1.9156e+01,5.6815e-01
5838.75,1.6004e+01,5.6702e-01
5839.53,1.5454e+01,5.6653e-01
5840.30,1.7534e+01,5.6701e-01
5841.08,1.9813e+01,5.6800e-01
5841.85,1.9957e+01,5.6891e-01
5842.63,1.8371e+01,5.6861e-01
5843.40,1.7356e+01,5.6697e-01
5844.18,1.7856e+01,5.6571e-01
5844.95,1.8882e+01,5.6505e-01
5845.73,1.8284e+01,5.6398e-01
5846.50,1.7291e+01,5.6190e-01
5847.28,1.7480e+01,5.5920e-01
5848.05,1.8184e+01,5.5747e-01
5848.83,1.8953e+01,5.5713e-01
5849.60,1.9425e+01,5.5745e-01
5850.38,2.0129e+01,5.5763e-01
5851.15,2.0962e+01,5.5669e-01
5851.93,2.1101e+01,5.5508e-01
5852.70,2.0161e+01,5.5301e-01
5853.48,1.8666e+01,5.5105e-01
5854.25,1.8048e+01,5.5091e-01
5855.03,1.8242e+01,5.5131e-01
5855.80,1.7840e+01,5.5032e-01
5856.58,1.8469e+01,5.4718e-01
5857.35,2.0179e+01,5.4330e-01
5858.13,1.9909e+01,5.4159e-01
5858.90,1.8999e+01,5.4205e-01
5859.68,1.9836e+01,5.4269e-01
5860.45,2.0633e+01,5.4383e-01
5861.23,2.0150e+01,5.4449e-01
5862.00,1.8735e+01,5.4376e-01
5862.78,1.7875e+01,5.4227e-01
5863.55,1.8397e+01,5.4188e-01
5864.32,1.9153e+01,5.4466e-01
5865.10,1.9150e+01,5.4837e-01
5865.87,1.8418e+01,5.4913e-01
5866.65,1.7893e+01,5.4816e-01
5867.42,1.8198e+01,5.4716e-01
5868.20,1.8920e+01,5.4609e-01
5868.97,1.9078e+01,5.4456e-01
5869.75,1.8326e+01,5.4220e-01
5870.52,1.8379e+01,5.4021e-01
5871.30,1.9225e+01,5.3888e-01
5872.07,1.9327e+01,5.3804e-01
5872.85,1.8647e+01,5.3756e-01
5873.62,1.7915e+01,5.3682e-01
5874.40,1.8326e+01,5.3582e-01
5875.17,1.8725e+01,5.3427e-01
5875.95,1.7513e+01,5.3255e-01
5876.72,1.7802e+01,5.3130e-01
5877.50,1.9426e+01,5.3054e-01
5878.27,1.8727e+01,5.3036e-01
5879.05,1.6866e+01,5.2930e-01
5879.82,1.6244e+01,5.2680e-01
5880.60,1.6678e+01,5.2513e-01
5881.37,1.7825e+01,5.2426e-01
5882.15,1.9076e+01,5.2291e-01
5882.92,1.8968e+01,5.2178e-01
5883.70,1.7681e+01,5.2094e-01
5884.47,1.7206e+01,5.1935e-01
5885.25,1.7515e+01,5.1862e-01
5886.02,1.7554e+01,5.2095e-01
5886.80,1.7639e+01,5.2354e-01
5887.57,1.7887e+01,5.2874e-01
5888.35,1.8100e+01,5.3798e-01
5889.12,1.8807e+01,5.5254e-01
5889.90,1.9743e+01,5.6529e-01
5890.67,1.9379e+01,5.6488e-01
5891.45,1.7973e+01,5.4871e-01
5892.22,1.6954e+01,5.2640e-01
5893.00,1.7312e+01,5.1321e-01
5893.77,1.8710e+01,5.1674e-01
5894.55,1.9876e+01,5.2806e-01
5895.32,1.9746e+01,5.3925e-01
5896.10,1.8653e+01,5.4438e-01
5896.87,1.7803e+01,5.4035e-01
5897.65,1.8189e+01,5.2888e-01
5898.42,1.9351e+01,5.1575e-01
5899.20,2.0599e+01,5.0744e-01
5899.97,2.0909e+01,5.0480e-01
5900.75,1.9488e+01,5.0428e-01
5901.52,1.8119e+01,5.0329e-01
5902.30,1.8607e+01,5.0261e-01
5903.07,1.8922e+01,5.0290e-01
5903.85,1.8150e+01,5.0375e-01
5904.62,1.7589e+01,5.0359e-01
5905.40,1.7599e+01,5.0386e-01
5906.17,1.8052e+01,5.0525e-01
5906.95,1.8060e+01,5.0700e-01
5907.72,1.8053e+01,5.0570e-01
5908.50,1.8945e+01,4.9976e-01
5909.27,1.9868e+01,4.9453e-01
5910.05,2.0230e+01,4.9356e-01
5910.82,2.0426e+01,4.9438e-01
5911.60,2.0340e+01,4.9535e-01
5912.37,1.9962e+01,4.9548e-01
5913.15,1.8861e+01,4.9416e-01
5913.92,1.8285e+01,4.9255e-01
5914.70,1.9866e+01,4.9230e-01
5915.47,2.1019e+01,4.9347e-01
5916.25,2.0013e+01,4.9438e-01
5917.02,1.9690e+01,4.9407e-01
5917.80,1.9159e+01,4.9136e-01
5918.57,1.6846e+01,4.8718e-01
5919.35,1.6342e+01,4.8515e-01
5920.12,1.8271e+01,4.8628e-01
5920.90,1.9442e+01,4.8783e-01
5921.67,1.9657e+01,4.8893e-01
5922.45,1.9548e+01,4.8961e-01
5923.22,1.8049e+01,4.8909e-01
5923.99,1.6285e+01,4.8885e-01
5924.77,1.5927e+01,4.9030e-01
5925.54,1.6769e+01,4.9179e-01
5926.32,1.7593e+01,4.9124e-01
5927.09,1.7709e+01,4.8849e-01
5927.87,1.7140e+01,4.8540e-01
5928.64,1.6718e+01,4.8413e-01
5929.42,1.7234e+01,4.8310e-01
5930.19,1.8223e+01,4.8230e-01
5930.97,1.8247e+01,4.8333e-01
5931.74,1.7941e+01,4.8592e-01
5932.52,1.8092e+01,4.8843e-01
5933.29,1.7356e+01,4.8973e-01
5934.07,1.7254e+01,4.8841e-01
5934.84,1.9382e+01,4.8490e-01
5935.62,2.0478e+01,4.8166e-01
5936.39,1.9372e+01,4.8055e-01
5937.17,1.8622e+01,4.8102e-01
5937.94,1.8751e+01,4.8215e-01
5938.72,1.9143e+01,4.8226e-01
5939.49,1.8497e+01,4.8016e-01
5940.27,1.7596e+01,4.7567e-01
5941.04,1.8515e+01,4.7076e-01
5941.82,1.9029e+01,4.6754e-01
5942.59,1.8000e+01,4.6672e-01
5943.37,1.8062e+01,4.6793e-01
5944.14,1.8422e+01,4.6914e-01
5944.92,1.7505e+01,4.6912e-01
5945.69,1.7307e+01,4.6913e-01
5946.47,1.8167e+01,4.6932e-01
5947.24,1.8428e+01,4.6868e-01
5948.02,1.8306e+01,4.6659e-01
5948.79,1.8341e+01,4.6389e-01
5949.57,1.8206e+01,4.6305e-01
5950.34,1.8066e+01,4.6416e-01
5951.12,1.8168e+01,4.6528e-01
5951.89,1.8314e+01,4.6682e-01
5952.67,1.8415e+01,4.6885e-01
5953.44,1.8580e+01,4.7091e-01
5954.22,1.8879e+01,4.7156e-01
5954.99,1.9205e+01,4.7007e-01
5955.77,1.9493e+01,4.6753e-01
5956.54,1.9334e+01,4.6472e-01
5957.32,1.8504e+01,4.6183e-01
5958.09,1.7478e+01,4.5996e-01
5958.87,1.6978e+01,4.5950e-01
5959.64,1.7812e+01,4.6050e-01
5960.42,1.8483e+01,4.6170e-01
5961.19,1.7457e+01,4.6211e-01
5961.97,1.6867e+01,4.6261e-01
5962.74,1.7720e+01,4.6328e-01
5963.52,1.8575e+01,4.6294e-01
5964.29,1.9039e+01,4.6194e-01
5965.07,1.9111e+01,4.6090e-01
5965.84,1.8822e+01,4.5922e-01
5966.62,1.8568e+01,4.5757e-01
5967.39,1.8737e+01,4.5692e-01
5968.17,1.7862e+01,4.5923e-01
5968.94,1.6149e+01,4.6361e-01
5969.72,1.5855e+01,4.6748e-01
5970.49,1.7519e+01,4.6730e-01
5971.27,1.9755e+01,4.6297e-01
5972.04,2.0584e+01,4.6000e-01
5972.82,1.9713e+01,4.6007e-01
5973.59,1.8917e+01,4.5941e-01
5974.37,1.8430e+01,4.5771e-01
5975.14,1.8176e+01,4.5574e-01
5975.92,1.8210e+01,4.5477e-01
5976.69,1.8740e+01,4.5483e-01
5977.47,1.9852e+01,4.5504e-01
5978.24,1.9577e+01,4.5535e-01
5979.02,1.8192e+01,4.5557e-01
5979.79,1.8396e+01,4.5551e-01
5980.57,1.9575e+01,4.5544e-01
5981.34,1.9947e+01,4.5544e-01
5982.12,1.9496e+01,4.5570e-01
5982.89,1.8652e+01,4.5494e-01
5983.66,1.8187e+01,4.5223e-01
5984.44,1.7982e+01,4.4957e-01
5985.21,1.7858e+01,4.4873e-01
5985.99,1.8294e+01,4.4957e-01
5986.76,1.8724e+01,4.5035e-01
5987.54,1.8585e+01,4.4975e-01
5988.31,1.8225e+01,4.4946e-01
5989.09,1.8224e+01,4.5022e-01
5989.86,1.8783e+01,4.5104e-01
5990.64,1.9329e+01,4.5115e-01
5991.41,1.9201e+01,4.5069e-01
5992.19,1.8376e+01,4.5104e-01
5992.96,1.7447e+01,4.5212e-01
5993.74,1.6989e+01,4.5263e-01
5994.51,1.8394e+01,4.5273e-01
5995.29,2.0696e+01,4.5256e-01
5996.06,2.0643e+01,4.5190e-01
5996.84,1.9798e+01,4.5128e-01
5997.61,2.0617e+01,4.5122e-01
5998.39,2.0173e+01,4.5205e-01
5999.16,1.8582e+01,4.5292e-01
5999.94,1.8406e+01,4.5279e-01
6000.71,1.8829e+01,4.5181e-01
6001.49,1.8628e+01,4.5076e-01
6002.26,1.8402e+01,4.4971e-01
6003.04,1.7687e+01,4.4948e-01
6003.81,1.6326e+01,4.5030e-01
6004.59,1.6822e+01,4.5108e-01
6005.36,1.8976e+01,4.5087e-01
6006.14,1.9759e+01,4.5047e-01
6006.91,1.9141e+01,4.4863e-01
6007.69,1.8482e+01,4.4542e-01
6008.46,1.8091e+01,4.4269e-01
6009.24,1.8130e+01,4.4272e-01
6010.01,1.8289e+01,4.4585e-01
6010.79,1.7923e+01,4.4889e-01
6011.56,1.7340e+01,4.4930e-01
6012.34,1.8275e+01,4.4820e-01
6013.11,1.9239e+01,4.4699e-01
6013.89,1.8443e+01,4.4671e-01
6014.66,1.7698e+01,4.4669e-01
6015.44,1.7953e+01,4.4642e-01
6016.21,1.8404e+01,4.4613e-01
6016.99,1.8848e+01,4.4627e-01
6017.76,1.8991e+01,4.4682e-01
6018.54,1.8361e+01,4.4753e-01
6019.31,1.7790e+01,4.4711e-01
6020.09,1.8236e+01,4.4503e-01
6020.86,1.8791e+01,4.4339e-01
6021.64,1.8747e+01,4.4352e-01
6022.41,1.8410e+01,4.4475e-01
6023.19,1.8333e+01,4.4531e-01
6023.96,1.8791e+01,4.4449e-01
6024.74,1.8622e+01,4.4491e-01
6025.51,1.8273e+01,4.4678e-01
6026.29,1.9126e+01,4.4784e-01
6027.06,1.9619e+01,4.4807e-01
6027.84,1.8911e+01,4.4825e-01
6028.61,1.8469e+01,4.4911e-01
6029.39,1.8518e+01,4.4989e-01
6030.16,1.8555e+01,4.4951e-01
6030.94,1.9375e+01,4.4973e-01
6031.71,2.0315e+01,4.5091e-01
6032.49,1.9825e+01,4.5138e-01
6033.26,1.8948e+01,4.5151e-01
6034.04,1.8927e+01,4.5180e-01
6034.81,1.9134e+01,4.5154e-01
6035.59,1.8971e+01,4.5079e-01
6036.36,1.8260e+01,4.5011e-01
6037.14,1.8075e+01,4.4982e-01
6037.91,1.8666e+01,4.4985e-01
6038.69,1.8892e+01,4.4993e-01
6039.46,1.8639e+01,4.4976e-01
6040.24,1.8358e+01,4.4937e-01
6041.01,1.8068e+01,4.4907e-01
6041.78,1.7917e+01,4.4904e-01
6042.56,1.7898e+01,4.4904e-01
6043.33,1.8294e+01,4.4959e-01
6044.11,1.8911e+01,4.5058e-01
6044.88,1.8919e+01,4.5093e-01
6045.66,1.8566e+01,4.5066e-01
6046.43,1.8558e+01,4.5045e-01
6047.21,1.8759e+01,4.5060e-01
6047.98,1.8716e+01,4.5100e-01
6048.76,1.7919e+01,4.5121e-01
6049.53,1.7536e+01,4.5108e-01
6050.31,1.8407e+01,4.5078e-01
6051.08,2.0246e+01,4.5056e-01
6051.86,2.1044e+01,4.5067e-01
6052.63,1.9259e+01,4.5109e-01
6053.41,1.7568e+01,4.5108e-01
6054.18,1.7831e+01,4.5008e-01
6054.96,1.8335e+01,4.4821e-01
6055.73,1.8333e+01,4.4702e-01
6056.51,1.7881e+01,4.4766e-01
6057.28,1.8164e+01,4.4897e-01
6058.06,1.8945e+01,4.4995e-01
6058.83,1.8596e+01,4.5063e-01
6059.61,1.8250e+01,4.5126e-01
6060.38,1.8881e+01,4.5193e-01
6061.16,1.9441e+01,4.5199e-01
6061.93,1.9523e+01,4.5130e-01
6062.71,1.9394e+01,4.5019e-01
6063.48,1.8399e+01,4.4927e-01
6064.26,1.7318e+01,4.4847e-01
6065.03,1.7860e+01,4.4703e-01
6065.81,1.9216e+01,4.4604e-01
6066.58,1.9720e+01,4.4664e-01
6067.36,1.9540e+01,4.4853e-01
6068.13,1.8852e+01,4.5055e-01
6068.91,1.7947e+01,4.5160e-01
6069.68,1.7595e+01,4.5170e-01
6070.46,1.8130e+01,4.5159e-01
6071.23,1.9313e+01,4.5141e-01
6072.01,2.0205e+01,4.5140e-01
6072.78,2.0167e+01,4.5141e-01
6073.56,1.9283e+01,4.5160e-01
6074.33,1.8390e+01,4.5166e-01
6075.11,1.8287e+01,4.5121e-01
6075.88,1.8366e+01,4.5059e-01
6076.66,1.8087e+01,4.5001e-01
6077.43,1.8851e+01,4.4923e-01
6078.21,2.0044e+01,4.4787e-01
6078.98,2.0139e+01,4.4608e-01
6079.76,2.0019e+01,4.4614e-01
6080.53,2.0195e+01,4.4822e-01
6081.31,1.9615e+01,4.4989e-01
6082.08,1.9194e+01,4.4999e-01
6082.86,1.9744e+01,4.4901e-01
6083.63,2.0529e+01,4.4803e-01
6084.41,2.0645e+01,4.4755e-01
6085.18,1.9868e+01,4.4688e-01
6085.96,1.9055e+01,4.4661e-01
6086.73,1.8698e+01,4.4698e-01
6087.51,1.7687e+01,4.4750e-01
6088.28,1.6606e+01,4.4797e-01
6089.06,1.6604e+01,4.4839e-01
6089.83,1.6772e+01,4.4833e-01
6090.61,1.6721e+01,4.4786e-01
6091.38,1.6920e+01,4.4727e-01
6092.16,1.8022e+01,4.4728e-01
6092.93,1.9723e+01,4.4808e-01
6093.71,2.0057e+01,4.4881e-01
6094.48,1.8911e+01,4.4921e-01
6095.26,1.7827e+01,4.4962e-01
6096.03,1.7598e+01,4.4986e-01
6096.81,1.8223e+01,4.4995e-01
6097.58,1.8963e+01,4.4997e-01
6098.36,1.9230e+01,4.5006e-01
6099.13,1.9053e+01,4.4998e-01
6099.91,1.8872e+01,4.4957e-01
6100.68,1.8918e+01,4.4799e-01
6101.45,1.8549e+01,4.4519e-01
6102.23,1.9371e+01,4.4189e-01
6103.00,2.1355e+01,4.3988e-01
6103.78,2.0706e+01,4.4073e-01
6104.55,1.8791e+01,4.4413e-01
6105.33,1.9273e+01,4.4796e-01
6106.10,1.9899e+01,4.4973e-01
6106.88,1.9390e+01,4.4916e-01
6107.65,1.9533e+01,4.4800e-01
6108.43,1.9442e+01,4.4767e-01
6109.20,1.8334e+01,4.4825e-01
6109.98,1.7623e+01,4.4912e-01
6110.75,1.7482e+01,4.4941e-01
6111.53,1.7100e+01,4.4891e-01
6112.30,1.6922e+01,4.4849e-01
6113.08,1.7393e+01,4.4880e-01
6113.85,1.8879e+01,4.4955e-01
6114.63,1.9783e+01,4.4971e-01
6115.40,1.8815e+01,4.4873e-01
6116.18,1.8360e+01,4.4775e-01
6116.95,1.9169e+01,4.4766e-01
6117.73,1.9320e+01,4.4827e-01
6118.50,1.8966e+01,4.4847e-01
6119.28,1.8890e+01,4.4826e-01
6120.05,1.9593e+01,4.5167e-01
6120.83,2.0676e+01,4.5558e-01
6121.60,2.1193e+01,4.5461e-01
6122.38,2.0819e+01,4.5122e-01
6123.15,2.0166e+01,4.4984e-01
6123.93,2.0375e+01,4.5258e-01
6124.70,2.0724e+01,4.5522e-01
6125.48,2.0092e+01,4.5314e-01
6126.25,1.9084e+01,4.5004e-01
6127.03,1.8315e+01,4.4800e-01
6127.80,1.7895e+01,4.4623e-01
6128.58,1.8648e+01,4.4556e-01
6129.35,2.0065e+01,4.4606e-01
6130.13,2.0058e+01,4.4778e-01
6130.90,1.9142e+01,4.4920e-01
6131.68,1.9146e+01,4.4916e-01
6132.45,1.9589e+01,4.4815e-01
6133.23,1.9864e+01,4.4716e-01
6134.00,1.9790e+01,4.4685e-01
6134.78,1.9582e+01,4.4612e-01
6135.55,1.9543e+01,4.4384e-01
6136.33,1.9321e+01,4.4026e-01
6137.10,1.8979e+01,4.3712e-01
6137.88,1.8838e+01,4.3628e-01
6138.65,1.8986e+01,4.3879e-01
6139.43,1.9334e+01,4.4275e-01
6140.20,1.9463e+01,4.4546e-01
6140.98,1.9917e+01,4.4534e-01
6141.75,2.1016e+01,4.4362e-01
6142.53,2.1477e+01,4.4244e-01
6143.30,2.0856e+01,4.4346e-01
6144.08,2.0039e+01,4.4567e-01
6144.85,1.9093e+01,4.4725e-01
6145.63,1.8323e+01,4.4696e-01
6146.40,1.8899e+01,4.4619e-01
6147.18,1.9875e+01,4.4501e-01
6147.95,1.9689e+01,4.4300e-01
6148.73,1.9111e+01,4.4219e-01
6149.50,1.8800e+01,4.4275e-01
6150.28,1.8407e+01,4.4256e-01
6151.05,1.8085e+01,4.4215e-01
6151.83,1.8081e+01,4.4257e-01
6152.60,1.9168e+01,4.4338e-01
6153.38,2.0589e+01,4.4355e-01
6154.15,2.0907e+01,4.4255e-01
6154.93,2.0230e+01,4.4094e-01
6155.70,1.9414e+01,4.3982e-01
6156.48,1.8789e+01,4.3971e-01
6157.25,1.8740e+01,4.4015e-01
6158.03,1.9047e+01,4.4013e-01
6158.80,1.9317e+01,4.4044e-01
6159.58,1.9037e+01,4.4019e-01
6160.35,1.8225e+01,4.3836e-01
6161.12,1.7498e+01,4.3443e-01
6161.90,1.7435e+01,4.3000e-01
6162.67,1.8361e+01,4.2803e-01
6163.45,1.8999e+01,4.2912e-01
6164.22,1.7992e+01,4.3112e-01
6165.00,1.7787e+01,4.3555e-01
6165.77,1.9169e+01,4.4120e-01
6166.55,1.9580e+01,4.4460e-01
6167.32,1.8765e+01,4.4372e-01
6168.10,1.7844e+01,4.3995e-01
6168.87,1.7898e+01,4.3654e-01
6169.65,1.8635e+01,4.3601e-01
6170.42,1.8586e+01,4.3721e-01
6171.20,1.8186e+01,4.3890e-01
6171.97,1.8146e+01,4.3950e-01
6172.75,1.8364e+01,4.3903e-01
6173.52,1.8514e+01,4.3788e-01
6174.30,1.8221e+01,4.3681e-01
6175.07,1.8645e+01,4.3700e-01
6175.85,1.9359e+01,4.3783e-01
6176.62,1.8312e+01,4.3723e-01
6177.40,1.7102e+01,4.3649e-01
6178.17,1.7562e+01,4.3712e-01
6178.95,1.9035e+01,4.3754e-01
6179.72,1.9862e+01,4.3735e-01
6180.50,1.8841e+01,4.3722e-01
6181.27,1.8095e+01,4.3733e-01
6182.05,1.8846e+01,4.3776e-01
6182.82,1.9163e+01,4.3859e-01
6183.60,1.8741e+01,4.3881e-01
6184.37,1.8239e+01,4.3780e-01
6185.15,1.9007e+01,4.3757e-01
6185.92,2.0361e+01,4.3803e-01
6186.70,2.0162e+01,4.3701e-01
6187.47,1.8883e+01,4.3602e-01
6188.25,1.7889e+01,4.3618e-01
6189.02,1.7393e+01,4.3656e-01
6189.80,1.7448e+01,4.3557e-01
6190.57,1.7636e+01,4.3295e-01
6191.35,1.8348e+01,4.3057e-01
6192.12,1.9090e+01,4.3016e-01
6192.90,1.8680e+01,4.3153e-01
6193.67,1.7854e+01,4.3348e-01
6194.45,1.7818e+01,4.3465e-01
6195.22,1.8021e+01,4.3503e-01
6196.00,1.8473e+01,4.3487e-01
6196.77,1.9598e+01,4.3442e-01
6197.55,1.9410e+01,4.3388e-01
6198.32,1.7526e+01,4.3322e-01
6199.10,1.6509e+01,4.3256e-01
6199.87,1.6604e+01,4.3174e-01
6200.65,1.6508e+01,4.3095e-01
6201.42,1.6819e+01,4.3111e-01
6202.20,1.6817e+01,4.3259e-01
6202.97,1.5241e+01,4.3519e-01
6203.75,1.4025e+01,4.3565e-01
6204.52,1.4621e+01,4.3281e-01
6205.30,1.5314e+01,4.3034e-01
6206.07,1.5023e+01,4.2971e-01
6206.85,1.3977e+01,4.2954e-01
6207.62,1.4260e+01,4.2999e-01
6208.40,1.6008e+01,4.3049e-01
6209.17,1.6289e+01,4.3053e-01
6209.95,1.5441e+01,4.3026e-01
6210.72,1.5201e+01,4.3014e-01
6211.50,1.5404e+01,4.3068e-01
6212.27,1.5946e+01,4.3094e-01
6213.05,1.6619e+01,4.2963e-01
6213.82,1.6740e+01,4.2767e-01
6214.60,1.6220e+01,4.2660e-01
6215.37,1.5577e+01,4.2699e-01
6216.15,1.5630e+01,4.2810e-01
6216.92,1.6575e+01,4.2859e-01
6217.70,1.6828e+01,4.2890e-01
6218.47,1.6301e+01,4.2890e-01
6219.24,1.6845e+01,4.2742e-01
6220.02,1.7747e+01,4.2648e-01
6220.79,1.7878e+01,4.2781e-01
6221.57,1.7866e+01,4.3060e-01
6222.34,1.7923e+01,4.3297e-01
6223.12,1.7877e+01,4.3362e-01
6223.89,1.7604e+01,4.3226e-01
6224.67,1.7208e+01,4.3020e-01
6225.44,1.6864e+01,4.2899e-01
6226.22,1.7116e+01,4.2849e-01
6226.99,1.8023e+01,4.2749e-01
6227.77,1.9002e+01,4.2732e-01
6228.54,1.9287e+01,4.2744e-01
6229.32,1.8663e+01,4.2685e-01
6230.09,1.7830e+01,4.2463e-01
6230.87,1.7625e+01,4.2193e-01
6231.64,1.8043e+01,4.2122e-01
6232.42,1.8567e+01,4.2359e-01
6233.19,1.8625e+01,4.2743e-01
6233.97,1.8421e+01,4.3200e-01
6234.74,1.8278e+01,4.3647e-01
6235.52,1.8203e+01,4.4041e-01
6236.29,1.8177e+01,4.4141e-01
6237.07,1.8125e+01,4.3861e-01
6237.84,1.7758e+01,4.3374e-01
6238.62,1.7565e+01,4.2972e-01
6239.39,1.8276e+01,4.2805e-01
6240.17,1.8851e+01,4.2821e-01
6240.94,1.8691e+01,4.2839e-01
6241.72,1.8836e+01,4.2914e-01
6242.49,1.9152e+01,4.2918e-01
6243.27,1.9046e+01,4.2787e-01
6244.04,1.9152e+01,4.2613e-01
6244.82,1.9451e+01,4.2440e-01
6245.59,1.9242e+01,4.2231e-01
6246.37,1.8813e+01,4.2112e-01
6247.14,1.8613e+01,4.2165e-01
6247.92,1.8564e+01,4.2378e-01
6248.69,1.8519e+01,4.2586e-01
6249.47,1.8329e+01,4.2639e-01
6250.24,1.8688e+01,4.2602e-01
6251.02,1.9512e+01,4.2540e-01
6251.79,1.9806e+01,4.2398e-01
6252.57,1.9309e+01,4.2205e-01
6253.34,1.8588e+01,4.2045e-01
6254.12,1.8006e+01,4.1978e-01
6254.89,1.8231e+01,4.2069e-01
6255.67,1.9624e+01,4.2289e-01
6256.44,2.0049e+01,4.2646e-01
6257.22,1.8740e+01,4.3054e-01
6257.99,1.8126e+01,4.3430e-01
6258.77,1.8882e+01,4.3519e-01
6259.54,1.9916e+01,4.3210e-01
6260.32,2.0056e+01,4.2757e-01
6261.09,1.9192e+01,4.2479e-01
6261.87,1.8671e+01,4.2436e-01
6262.64,1.8723e+01,4.2532e-01
6263.42,1.8829e+01,4.2580e-01
6264.19,1.8105e+01,4.2600e-01
6264.97,1.7207e+01,4.2606e-01
6265.74,1.7772e+01,4.2634e-01
6266.52,1.7661e+01,4.2609e-01
6267.29,1.6379e+01,4.2536e-01
6268.07,1.7130e+01,4.2596e-01
6268.84,1.8689e+01,4.2628e-01
6269.62,1.8578e+01,4.2503e-01
6270.39,1.8325e+01,4.2091e-01
6271.17,1.8432e+01,4.2017e-01
6271.94,1.7933e+01,4.3240e-01
6272.72,1.7481e+01,4.3714e-01
6273.49,1.7526e+01,4.2569e-01
6274.27,1.7259e+01,4.2602e-01
6275.04,1.7019e+01,4.3825e-01
6275.82,1.7539e+01,4.4289e-01
6276.59,1.8602e+01,4.4609e-01
6277.37,1.9782e+01,4.5057e-01
6278.14,2.1053e+01,4.5042e-01
6278.91,2.1119e+01,4.4844e-01
6279.69,1.9675e+01,4.4794e-01
6280.46,1.8652e+01,4.4498e-01
6281.24,1.8870e+01,4.4013e-01
6282.01,1.9330e+01,4.3754e-01
6282.79,1.9639e+01,4.3780e-01
6283.56,1.9497e+01,4.3911e-01
6284.34,1.8816e+01,4.3924e-01
6285.11,1.8467e+01,4.3885e-01
6285.89,1.9070e+01,4.4015e-01
6286.66,1.9309e+01,4.4371e-01
6287.44,1.8631e+01,4.4789e-01
6288.21,1.7966e+01,4.5240e-01
6288.99,1.7764e+01,4.4607e-01
6289.76,1.7913e+01,4.2771e-01
6290.54,1.7749e+01,4.1968e-01
6291.31,1.7146e+01,4.2413e-01
6292.09,1.6730e+01,4.2523e-01
6292.86,1.6211e+01,4.2271e-01
6293.64,1.5785e+01,4.1946e-01
6294.41,1.6407e+01,4.1981e-01
6295.19,1.7148e+01,4.2197e-01
6295.96,1.6902e+01,4.2324e-01
6296.74,1.7554e+01,4.2220e-01
6297.51,1.8343e+01,4.2655e-01
6298.29,1.6502e+01,4.3597e-01
6299.06,1.5611e+01,4.7382e-01
6299.84,1.7331e+01,5.2694e-01
6300.61,1.6578e+01,5.6246e-01
6301.39,1.4425e+01,5.5467e-01
6302.16,1.4672e+01,5.0333e-01
6302.94,1.6575e+01,4.4596e-01
6303.71,1.8271e+01,4.2214e-01
6304.49,1.8284e+01,4.1801e-01
6305.26,1.7706e+01,4.2350e-01
6306.04,1.8142e+01,4.2712e-01
6306.81,1.7873e+01,4.3200e-01
6307.59,1.7403e+01,4.3451e-01
6308.36,1.8257e+01,4.3192e-01
6309.14,1.8963e+01,4.2599e-01
6309.91,1.8582e+01,4.2074e-01
6310.69,1.8207e+01,4.1825e-01
6311.46,1.8145e+01,4.1838e-01
6312.24,1.8169e+01,4.1875e-01
6313.01,1.8669e+01,4.1938e-01
6313.79,1.8916e+01,4.1908e-01
6314.56,1.7798e+01,4.1722e-01
6315.34,1.6777e+01,4.1540e-01
6316.11,1.7021e+01,4.1512e-01
6316.89,1.6976e+01,4.1470e-01
6317.66,1.6714e+01,4.1490e-01
6318.44,1.7192e+01,4.1689e-01
6319.21,1.7708e+01,4.2080e-01
6319.99,1.7984e+01,4.2440e-01
6320.76,1.8794e+01,4.2403e-01
6321.54,1.8949e+01,4.2243e-01
6322.31,1.7783e+01,4.2320e-01
6323.09,1.6916e+01,4.2240e-01
6323.86,1.7320e+01,4.2028e-01
6324.64,1.8559e+01,4.2020e-01
6325.41,1.8866e+01,4.2137e-01
6326.19,1.7703e+01,4.2223e-01
6326.96,1.6936e+01,4.2185e-01
6327.74,1.7374e+01,4.2192e-01
6328.51,1.8404e+01,4.2411e-01
6329.29,1.8264e+01,4.2874e-01
6330.06,1.6910e+01,4.3268e-01
6330.84,1.6152e+01,4.3217e-01
6331.61,1.7063e+01,4.2797e-01
6332.39,1.8960e+01,4.2371e-01
6333.16,1.8992e+01,4.2152e-01
6333.94,1.7963e+01,4.2107e-01
6334.71,1.8806e+01,4.2045e-01
6335.49,1.9316e+01,4.1822e-01
6336.26,1.8150e+01,4.1614e-01
6337.03,1.6671e+01,4.1648e-01
6337.81,1.6312e+01,4.2359e-01
6338.58,1.7418e+01,4.3524e-01
6339.36,1.7413e+01,4.3996e-01
6340.13,1.6420e+01,4.3457e-01
6340.91,1.7216e+01,4.2624e-01
6341.68,1.8216e+01,4.2084e-01
6342.46,1.7979e+01,4.2034e-01
6343.23,1.7806e+01,4.2063e-01
6344.01,1.7951e+01,4.2001e-01
6344.78,1.8036e+01,4.2004e-01
6345.56,1.8223e+01,4.2039e-01
6346.33,1.8597e+01,4.2113e-01
6347.11,1.9226e+01,4.2218e-01
6347.88,1.9330e+01,4.2361e-01
6348.66,1.8583e+01,4.2508e-01
6349.43,1.7905e+01,4.2600e-01
6350.21,1.7794e+01,4.2560e-01
6350.98,1.7883e+01,4.2366e-01
6351.76,1.8532e+01,4.2290e-01
6352.53,1.9355e+01,4.2495e-01
6353.31,1.9528e+01,4.2822e-01
6354.08,1.8772e+01,4.3046e-01
6354.86,1.7643e+01,4.3046e-01
6355.63,1.7014e+01,4.2936e-01
6356.41,1.6996e+01,4.2850e-01
6357.18,1.6711e+01,4.2831e-01
6357.96,1.6954e+01,4.2659e-01
6358.73,1.7900e+01,4.2281e-01
6359.51,1.7593e+01,4.1969e-01
6360.28,1.6660e+01,4.2022e-01
6361.06,1.6880e+01,4.2524e-01
6361.83,1.7825e+01,4.3111e-01
6362.61,1.8314e+01,4.4028e-01
6363.38,1.7146e+01,4.6036e-01
6364.16,1.6430e+01,4.7550e-01
6364.93,1.7869e+01,4.7193e-01
6365.71,1.7810e+01,4.5254e-01
6366.48,1.6263e+01,4.3099e-01
6367.26,1.6409e+01,4.2197e-01
6368.03,1.7264e+01,4.2254e-01
6368.81,1.7619e+01,4.2154e-01
6369.58,1.8169e+01,4.2132e-01
6370.36,1.8525e+01,4.2076e-01
6371.13,1.8270e+01,4.2094e-01
6371.91,1.7884e+01,4.2164e-01
6372.68,1.7717e+01,4.2243e-01
6373.46,1.7414e+01,4.2268e-01
6374.23,1.7732e+01,4.2294e-01
6375.01,1.8768e+01,4.2374e-01
6375.78,1.8991e+01,4.2468e-01
6376.56,1.8441e+01,4.2495e-01
6377.33,1.8302e+01,4.2406e-01
6378.11,1.8454e+01,4.2331e-01
6378.88,1.8508e+01,4.2340e-01
6379.66,1.8527e+01,4.2345e-01
6380.43,1.7877e+01,4.2305e-01
6381.21,1.6549e+01,4.2241e-01
6381.98,1.6181e+01,4.2184e-01
6382.76,1.6967e+01,4.2217e-01
6383.53,1.7629e+01,4.2361e-01
6384.31,1.7528e+01,4.2591e-01
6385.08,1.6839e+01,4.2845e-01
6385.86,1.6159e+01,4.3115e-01
6386.63,1.6254e+01,4.3268e-01
6387.41,1.7124e+01,4.3198e-01
6388.18,1.8101e+01,4.2922e-01
6388.96,1.8468e+01,4.2588e-01
6389.73,1.8324e+01,4.2346e-01
6390.51,1.7667e+01,4.2255e-01
6391.28,1.6917e+01,4.2224e-01
6392.06,1.6898e+01,4.2206e-01
6392.83,1.7441e+01,4.2098e-01
6393.61,1.7668e+01,4.1925e-01
6394.38,1.7559e+01,4.1814e-01
6395.16,1.7356e+01,4.1868e-01
6395.93,1.7168e+01,4.2079e-01
6396.70,1.7122e+01,4.2262e-01
6397.48,1.7195e+01,4.2251e-01
6398.25,1.7296e+01,4.2173e-01
6399.03,1.7408e+01,4.2034e-01
6399.80,1.7417e+01,4.1692e-01
6400.58,1.8067e+01,4.1457e-01
6401.35,1.9189e+01,4.1561e-01
6402.13,1.8380e+01,4.1826e-01
6402.90,1.6836e+01,4.2102e-01
6403.68,1.7253e+01,4.2325e-01
6404.45,1.7932e+01,4.2355e-01
6405.23,1.7662e+01,4.2226e-01
6406.00,1.7487e+01,4.2085e-01
6406.78,1.7469e+01,4.1972e-01
6407.55,1.7516e+01,4.1866e-01
6408.33,1.8487e+01,4.1799e-01
6409.10,1.9384e+01,4.1807e-01
6409.88,1.8485e+01,4.1940e-01
6410.65,1.7427e+01,4.1963e-01
6411.43,1.7613e+01,4.1816e-01
6412.20,1.8121e+01,4.1783e-01
6412.98,1.8035e+01,4.1893e-01
6413.75,1.7071e+01,4.1983e-01
6414.53,1.7172e+01,4.2039e-01
6415.30,1.8251e+01,4.2032e-01
6416.08,1.8019e+01,4.1935e-01
6416.85,1.6891e+01,4.1891e-01
6417.63,1.6212e+01,4.1970e-01
6418.40,1.6100e+01,4.2009e-01
6419.18,1.6573e+01,4.1957e-01
6419.95,1.7226e+01,4.1898e-01
6420.73,1.7779e+01,4.1847e-01
6421.50,1.7899e+01,4.1835e-01
6422.28,1.7300e+01,4.1867e-01
6423.05,1.6596e+01,4.1962e-01
6423.83,1.6499e+01,4.2096e-01
6424.60,1.7312e+01,4.2169e-01
6425.38,1.8256e+01,4.2159e-01
6426.15,1.8367e+01,4.2109e-01
6426.93,1.7376e+01,4.2109e-01
6427.70,1.6085e+01,4.2156e-01
6428.48,1.5514e+01,4.2113e-01
6429.25,1.5884e+01,4.1982e-01
6430.03,1.6452e+01,4.1879e-01
6430.80,1.6953e+01,4.1778e-01
6431.58,1.7163e+01,4.1685e-01
6432.35,1.7144e+01,4.1659e-01
6433.13,1.7032e+01,4.1720e-01
6433.90,1.6965e+01,4.1835e-01
6434.68,1.6822e+01,4.1997e-01
6435.45,1.6698e+01,4.2104e-01
6436.23,1.6771e+01,4.2060e-01
6437.00,1.6805e+01,4.1982e-01
6437.78,1.6590e+01,4.1926e-01
6438.55,1.6390e+01,4.1718e-01
6439.33,1.5938e+01,4.1495e-01
6440.10,1.5187e+01,4.1463e-01
6440.88,1.5951e+01,4.1678e-01
6441.65,1.7833e+01,4.1958e-01
6442.43,1.8552e+01,4.2068e-01
6443.20,1.7910e+01,4.2001e-01
6443.98,1.7139e+01,4.1923e-01
6444.75,1.8039e+01,4.1993e-01
6445.53,1.9247e+01,4.2096e-01
6446.30,1.8132e+01,4.1982e-01
6447.08,1.6858e+01,4.1902e-01
6447.85,1.6767e+01,4.1916e-01
6448.63,1.6283e+01,4.1767e-01
6449.40,1.6079e+01,4.1501e-01
6450.18,1.6838e+01,4.1333e-01
6450.95,1.7393e+01,4.1440e-01
6451.73,1.7594e+01,4.1790e-01
6452.50,1.8312e+01,4.2157e-01
6453.28,1.8313e+01,4.2263e-01
6454.05,1.7329e+01,4.2069e-01
6454.83,1.7055e+01,4.1824e-01
6455.60,1.7521e+01,4.1645e-01
6456.37,1.7684e+01,4.1501e-01
6457.15,1.8054e+01,4.1508e-01
6457.92,1.8325e+01,4.1625e-01
6458.70,1.7665e+01,4.1743e-01
6459.47,1.6760e+01,4.1778e-01
6460.25,1.6460e+01,4.1720e-01
6461.02,1.6257e+01,4.1614e-01
6461.80,1.6211e+01,4.1465e-01
6462.57,1.6698e+01,4.1266e-01
6463.35,1.6811e+01,4.1275e-01
6464.12,1.6355e+01,4.1566e-01
6464.90,1.6262e+01,4.1916e-01
6465.67,1.6712e+01,4.2157e-01
6466.45,1.7323e+01,4.2229e-01
6467.22,1.7707e+01,4.2081e-01
6468.00,1.7970e+01,4.1831e-01
6468.77,1.8642e+01,4.1619e-01
6469.55,1.8730e+01,4.1570e-01
6470.32,1.7823e+01,4.1649e-01
6471.10,1.7312e+01,4.1828e-01
6471.87,1.7108e+01,4.1866e-01
6472.65,1.6398e+01,4.1643e-01
6473.42,1.6170e+01,4.1403e-01
6474.20,1.6523e+01,4.1294e-01
6474.97,1.6586e+01,4.1177e-01
6475.75,1.6201e+01,4.1084e-01
6476.52,1.5854e+01,4.1080e-01
6477.30,1.7054e+01,4.1244e-01
6478.07,1.8538e+01,4.1469e-01
6478.85,1.7742e+01,4.1579e-01
6479.62,1.6670e+01,4.1520e-01
6480.40,1.6914e+01,4.1365e-01
6481.17,1.6749e+01,4.1234e-01
6481.95,1.6536e+01,4.1142e-01
6482.72,1.6999e+01,4.1037e-01
6483.50,1.7109e+01,4.0952e-01
6484.27,1.6566e+01,4.0930e-01
6485.05,1.6185e+01,4.1031e-01
6485.82,1.5856e+01,4.1114e-01
6486.60,1.5393e+01,4.1091e-01
6487.37,1.5002e+01,4.1132e-01
6488.15,1.4783e+01,4.1197e-01
6488.92,1.4743e+01,4.1142e-01
6489.70,1.5280e+01,4.1086e-01
6490.47,1.6049e+01,4.1075e-01
6491.25,1.5999e+01,4.1027e-01
6492.02,1.5693e+01,4.0913e-01
6492.80,1.5968e+01,4.0735e-01
6493.57,1.5519e+01,4.0470e-01
6494.35,1.4786e+01,4.0148e-01
6495.12,1.5252e+01,3.9886e-01
6495.90,1.6071e+01,3.9853e-01
6496.67,1.6241e+01,4.0181e-01
6497.45,1.5991e+01,4.0848e-01
6498.22,1.5765e+01,4.1615e-01
6499.00,1.5949e+01,4.2163e-01
6499.77,1.6374e+01,4.2167e-01
6500.55,1.6762e+01,4.1770e-01
6501.32,1.6962e+01,4.1373e-01
6502.10,1.7058e+01,4.1199e-01
6502.87,1.7204e+01,4.1211e-01
6503.65,1.6901e+01,4.1361e-01
6504.42,1.6749e+01,4.1516e-01
6505.20,1.7502e+01,4.1627e-01
6505.97,1.8249e+01,4.1611e-01
6506.75,1.8249e+01,4.1470e-01
6507.52,1.7720e+01,4.1256e-01
6508.30,1.7509e+01,4.1089e-01
6509.07,1.8079e+01,4.1036e-01
6509.85,1.7938e+01,4.1060e-01
6510.62,1.7069e+01,4.1083e-01
6511.40,1.7019e+01,4.1109e-01
6512.17,1.7254e+01,4.1067e-01
6512.95,1.7003e+01,4.0954e-01
6513.72,1.6466e+01,4.0924e-01
6514.49,1.6009e+01,4.0847e-01
6515.27,1.5984e+01,4.0561e-01
6516.04,1.6227e+01,4.0511e-01
6516.82,1.6404e+01,4.0784e-01
6517.59,1.6704e+01,4.0951e-01
6518.37,1.6206e+01,4.0956e-01
6519.14,1.4890e+01,4.0935e-01
6519.92,1.4721e+01,4.0920e-01
6520.69,1.6059e+01,4.0975e-01
6521.47,1.7401e+01,4.1073e-01
6522.24,1.8046e+01,4.1140e-01
6523.02,1.7846e+01,4.1117e-01
6523.79,1.6889e+01,4.1035e-01
6524.57,1.6447e+01,4.0910e-01
6525.34,1.7228e+01,4.0813e-01
6526.12,1.7853e+01,4.0790e-01
6526.89,1.7657e+01,4.1024e-01
6527.67,1.7435e+01,4.1694e-01
6528.44,1.7455e+01,4.2035e-01
6529.22,1.7709e+01,4.1619e-01
6529.99,1.7807e+01,4.0998e-01
6530.77,1.7746e+01,4.0718e-01
6531.54,1.7804e+01,4.0857e-01
6532.32,1.7511e+01,4.1295e-01
6533.09,1.6760e+01,4.1610e-01
6533.87,1.5986e+01,4.1623e-01
6534.64,1.5758e+01,4.1299e-01
6535.42,1.6215e+01,4.0895e-01
6536.19,1.6749e+01,4.0667e-01
6536.97,1.7093e+01,4.0661e-01
6537.74,1.7511e+01,4.0677e-01
6538.52,1.7852e+01,4.0699e-01
6539.29,1.7938e+01,4.0701e-01
6540.07,1.7322e+01,4.0636e-01
6540.84,1.6892e+01,4.0518e-01
6541.62,1.7463e+01,4.0416e-01
6542.39,1.7809e+01,4.0449e-01
6543.17,1.7150e+01,4.0576e-01
6543.94,1.6061e+01,4.0651e-01
6544.72,1.5488e+01,4.0593e-01
6545.49,1.5846e+01,4.0425e-01
6546.27,1.5948e+01,4.0176e-01
6547.04,1.5828e+01,3.9959e-01
6547.82,1.6408e+01,3.9873e-01
6548.59,1.6842e+01,3.9907e-01
6549.37,1.6608e+01,3.9979e-01
6550.14,1.6023e+01,4.0059e-01
6550.92,1.5843e+01,4.0120e-01
6551.69,1.6374e+01,4.0205e-01
6552.47,1.7589e+01,4.0485e-01
6553.24,1.8086e+01,4.0881e-01
6554.02,1.6527e+01,4.1070e-01
6554.79,1.4801e+01,4.1096e-01
6555.57,1.4891e+01,4.0965e-01
6556.34,1.6535e+01,4.0289e-01
6557.12,1.7753e+01,3.9479e-01
6557.89,1.6841e+01,3.9204e-01
6558.67,1.6313e+01,3.9212e-01
6559.44,1.7111e+01,3.9041e-01
6560.22,1.6856e+01,3.8815e-01
6560.99,1.6001e+01,3.8333e-01
6561.77,1.5729e+01,3.7644e-01
6562.54,1.6167e+01,3.6972e-01
6563.32,1.6864e+01,3.6633e-01
6564.09,1.7053e+01,3.6778e-01
6564.87,1.7144e+01,3.7363e-01
6565.64,1.7352e+01,3.8166e-01
6566.42,1.6840e+01,3.9015e-01
6567.19,1.6229e+01,3.9668e-01
6567.97,1.6362e+01,4.0003e-01
6568.74,1.6482e+01,3.9969e-01
6569.52,1.6331e+01,3.9803e-01
6570.29,1.6567e+01,3.9675e-01
6571.07,1.6592e+01,3.9616e-01
6571.84,1.6168e+01,3.9544e-01
6572.62,1.6074e+01,3.9532e-01
6573.39,1.6685e+01,3.9519e-01
6574.16,1.7655e+01,3.9469e-01
6574.94,1.7842e+01,3.9465e-01
6575.71,1.7039e+01,3.9722e-01
6576.49,1.6313e+01,4.0362e-01
6577.26,1.6325e+01,4.1025e-01
6578.04,1.6935e+01,4.1260e-01
6578.81,1.7227e+01,4.0889e-01
6579.59,1.7175e+01,4.0238e-01
6580.36,1.7797e+01,3.9841e-01
6581.14,1.7679e+01,3.9751e-01
6581.91,1.6577e+01,3.9726e-01
6582.69,1.6983e+01,3.9715e-01
6583.46,1.8133e+01,3.9681e-01
6584.24,1.7958e+01,3.9699e-01
6585.01,1.7139e+01,3.9698e-01
6585.79,1.6587e+01,3.9627e-01
6586.56,1.6727e+01,3.9484e-01
6587.34,1.6769e+01,3.9427e-01
6588.11,1.6130e+01,3.9536e-01
6588.89,1.6273e+01,3.9656e-01
6589.66,1.7034e+01,3.9699e-01
6590.44,1.7160e+01,3.9687e-01
6591.21,1.7182e+01,3.9667e-01
6591.99,1.7425e+01,3.9602e-01
6592.76,1.7302e+01,3.9312e-01
6593.54,1.7007e+01,3.9025e-01
6594.31,1.6920e+01,3.9025e-01
6595.09,1.6933e+01,3.9299e-01
6595.86,1.6966e+01,3.9609e-01
6596.64,1.6968e+01,3.9735e-01
6597.41,1.7216e+01,3.9666e-01
6598.19,1.7814e+01,3.9559e-01
6598.96,1.8613e+01,3.9443e-01
6599.74,1.9013e+01,3.9421e-01
6600.51,1.8680e+01,3.9533e-01
6601.29,1.7265e+01,3.9573e-01
6602.06,1.5742e+01,3.9668e-01
6602.84,1.5821e+01,4.0262e-01
6603.61,1.6530e+01,4.0772e-01
6604.39,1.6414e+01,4.0643e-01
6605.16,1.6545e+01,4.0292e-01
6605.94,1.7237e+01,4.0030e-01
6606.71,1.8001e+01,3.9862e-01
6607.49,1.8308e+01,3.9714e-01
6608.26,1.8189e+01,3.9490e-01
6609.04,1.8386e+01,3.9301e-01
6609.81,1.8772e+01,3.9253e-01
6610.59,1.8794e+01,3.9374e-01
6611.36,1.8347e+01,3.9506e-01
6612.14,1.7917e+01,3.9530e-01
6612.91,1.8296e+01,3.9502e-01
6613.69,1.8525e+01,3.9459e-01
6614.46,1.7877e+01,3.9449e-01
6615.24,1.7305e+01,3.9467e-01
6616.01,1.7424e+01,3.9499e-01
6616.79,1.8104e+01,3.9529e-01
6617.56,1.8485e+01,3.9498e-01
6618.34,1.8118e+01,3.9421e-01
6619.11,1.7562e+01,3.9397e-01
6619.89,1.7403e+01,3.9396e-01
6620.66,1.7745e+01,3.9359e-01
6621.44,1.7308e+01,3.9386e-01
6622.21,1.6468e+01,3.9447e-01
6622.99,1.6938e+01,3.9435e-01
6623.76,1.7383e+01,3.9367e-01
6624.54,1.6930e+01,3.9320e-01
6625.31,1.7011e+01,3.9371e-01
6626.09,1.7754e+01,3.9455e-01
6626.86,1.8426e+01,3.9453e-01
6627.64,1.8220e+01,3.9415e-01
6628.41,1.7403e+01,3.9384e-01
6629.19,1.7204e+01,3.9348e-01
6629.96,1.7516e+01,3.9341e-01
6630.74,1.7690e+01,3.9353e-01
6631.51,1.7711e+01,3.9304e-01
6632.29,1.7652e+01,3.9205e-01
6633.06,1.7692e+01,3.9153e-01
6633.83,1.7861e+01,3.9119e-01
6634.61,1.7981e+01,3.9083e-01
6635.38,1.7736e+01,3.9085e-01
6636.16,1.7412e+01,3.9121e-01
6636.93,1.7432e+01,3.9165e-01
6637.71,1.7733e+01,3.9249e-01
6638.48,1.8051e+01,3.9323e-01
6639.26,1.8065e+01,3.9302e-01
6640.03,1.8228e+01,3.9231e-01
6640.81,1.8711e+01,3.9186e-01
6641.58,1.8668e+01,3.9200e-01
6642.36,1.8230e+01,3.9193e-01
6643.13,1.8112e+01,3.9081e-01
6643.91,1.7573e+01,3.8996e-01
6644.68,1.6881e+01,3.9003e-01
6645.46,1.7628e+01,3.9001e-01
6646.23,1.8322e+01,3.9044e-01
6647.01,1.7505e+01,3.9163e-01
6647.78,1.6913e+01,3.9214e-01
6648.56,1.7087e+01,3.9202e-01
6649.33,1.7137e+01,3.9238e-01
6650.11,1.7546e+01,3.9273e-01
6650.88,1.8304e+01,3.9260e-01
6651.66,1.8386e+01,3.9208e-01
6652.43,1.8348e+01,3.9185e-01
6653.21,1.9040e+01,3.9233e-01
6653.98,1.8695e+01,3.9238e-01
6654.76,1.7569e+01,3.9185e-01
6655.53,1.8049e+01,3.9205e-01
6656.31,1.8334e+01,3.9204e-01
6657.08,1.7162e+01,3.9127e-01
6657.86,1.7861e+01,3.9147e-01
6658.63,1.9494e+01,3.9234e-01
6659.41,1.9065e+01,3.9245e-01
6660.18,1.7959e+01,3.9207e-01
6660.96,1.7552e+01,3.9153e-01
6661.73,1.7287e+01,3.9091e-01
6662.51,1.7455e+01,3.9002e-01
6663.28,1.8042e+01,3.8888e-01
6664.06,1.8427e+01,3.8798e-01
6664.83,1.8443e+01,3.8798e-01
6665.61,1.8098e+01,3.8915e-01
6666.38,1.9069e+01,3.9059e-01
6667.16,1.9511e+01,3.9169e-01
6667.93,8.6970e+00,3.8992e-01
6668.71,9.6025e-02,3.9230e-01
6669.48,9.8296e+00,4.0340e-01
6670.26,1.9674e+01,4.0651e-01
6671.03,1.9237e+01,3.9806e-01
6671.81,1.8709e+01,3.9288e-01
6672.58,1.8707e+01,3.9181e-01
6673.36,1.8577e+01,3.9066e-01
6674.13,1.8472e+01,3.9076e-01
6674.91,1.8322e+01,3.9113e-01
6675.68,1.8074e+01,3.9130e-01
6676.46,1.7912e+01,3.9041e-01
6677.23,1.7803e+01,3.8869e-01
6678.01,1.7518e+01,3.8728e-01
6678.78,1.7097e+01,3.8714e-01
6679.56,1.6797e+01,3.8815e-01
6680.33,1.6450e+01,3.8953e-01
6681.11,1.6362e+01,3.9038e-01
6681.88,1.7048e+01,3.9064e-01
6682.66,1.7750e+01,3.9035e-01
6683.43,1.7817e+01,3.9007e-01
6684.21,1.7664e+01,3.9017e-01
6684.98,1.7581e+01,3.9066e-01
6685.76,1.7572e+01,3.9105e-01
6686.53,1.8214e+01,3.9106e-01
6687.31,1.9200e+01,3.9080e-01
6688.08,1.9591e+01,3.9078e-01
6688.86,1.9000e+01,3.9073e-01
6689.63,1.7960e+01,3.9038e-01
6690.41,1.7357e+01,3.9028e-01
6691.18,1.7567e+01,3.9049e-01
6691.95,1.8132e+01,3.9058e-01
6692.73,1.8102e+01,3.9081e-01
6693.50,1.7159e+01,3.9147e-01
6694.28,1.5855e+01,3.9268e-01
6695.05,1.5639e+01,3.9358e-01
6695.83,1.7035e+01,3.9334e-01
6696.60,1.8070e+01,3.9200e-01
6697.38,1.7661e+01,3.9055e-01
6698.15,1.6922e+01,3.9011e-01
6698.93,1.6303e+01,3.9008e-01
6699.70,1.6164e+01,3.8963e-01
6700.48,1.6616e+01,3.8997e-01
6701.25,1.7398e+01,3.9050e-01
6702.03,1.8089e+01,3.9013e-01
6702.80,1.8265e+01,3.8977e-01
6703.58,1.8042e+01,3.9037e-01
6704.35,1.7957e+01,3.9231e-01
6705.13,1.7925e+01,3.9317e-01
6705.90,1.7631e+01,3.9132e-01
6706.68,1.7302e+01,3.8923e-01
6707.45,1.7022e+01,3.8873e-01
6708.23,1.6724e+01,3.8937e-01
6709.00,1.6855e+01,3.9012e-01
6709.78,1.7465e+01,3.8998e-01
6710.55,1.8014e+01,3.8933e-01
6711.33,1.8149e+01,3.8902e-01
6712.10,1.7946e+01,3.8957e-01
6712.88,1.7911e+01,3.8978e-01
6713.65,1.8137e+01,3.8909e-01
6714.43,1.7987e+01,3.8852e-01
6715.20,1.7791e+01,3.8810e-01
6715.98,1.7992e+01,3.8761e-01
6716.75,1.8595e+01,3.8753e-01
6717.53,1.9147e+01,3.8728e-01
6718.30,1.9276e+01,3.8613e-01
6719.08,1.8224e+01,3.8619e-01
6719.85,1.6755e+01,3.8790e-01
6720.63,1.6843e+01,3.8862e-01
6721.40,1.8127e+01,3.8824e-01
6722.18,1.8941e+01,3.8807e-01
6722.95,1.9601e+01,3.8844e-01
6723.73,1.9883e+01,3.8915e-01
6724.50,1.9302e+01,3.8946e-01
6725.28,1.8549e+01,3.8907e-01
6726.05,1.8403e+01,3.8845e-01
6726.83,1.9085e+01,3.8867e-01
6727.60,1.9668e+01,3.8922e-01
6728.38,1.9114e+01,3.8872e-01
6729.15,1.8999e+01,3.8996e-01
6729.93,1.9582e+01,3.9243e-01
6730.70,1.8905e+01,3.9163e-01
6731.48,1.7936e+01,3.8952e-01
6732.25,1.8001e+01,3.8937e-01
6733.03,1.7593e+01,3.8891e-01
6733.80,1.7007e+01,3.8804e-01
6734.58,1.7735e+01,3.8828e-01
6735.35,1.8441e+01,3.8902e-01
6736.13,1.8216e+01,3.8940e-01
6736.90,1.7951e+01,3.8986e-01
6737.68,1.8205e+01,3.8934e-01
6738.45,1.8922e+01,3.8739e-01
6739.23,1.9344e+01,3.8910e-01
6740.00,1.9209e+01,3.9340e-01
6740.78,1.9069e+01,3.9354e-01
6741.55,1.8974e+01,3.9118e-01
6742.33,1.8857e+01,3.9012e-01
6743.10,1.9275e+01,3.8932e-01
6743.88,1.9262e+01,3.8902e-01
6744.65,1.7716e+01,3.8946e-01
6745.43,1.7203e+01,3.8982e-01
6746.20,1.8404e+01,3.8944e-01
6746.98,1.8399e+01,3.8862e-01
6747.75,1.7869e+01,3.8786e-01
6748.53,1.8382e+01,3.8752e-01
6749.30,1.8499e+01,3.8747e-01
6750.08,1.8133e+01,3.8729e-01
6750.85,1.8320e+01,3.8687e-01
6751.62,1.8674e+01,3.8660e-01
6752.40,1.8671e+01,3.8682e-01
6753.17,1.8224e+01,3.8742e-01
6753.95,1.7918e+01,3.8785e-01
6754.72,1.8317e+01,3.8767e-01
6755.50,1.8439e+01,3.8774e-01
6756.27,1.8006e+01,3.8825e-01
6757.05,1.7958e+01,3.8817e-01
6757.82,1.8137e+01,3.8800e-01
6758.60,1.8138e+01,3.8830e-01
6759.37,1.8035e+01,3.8823e-01
6760.15,1.7909e+01,3.8817e-01
6760.92,1.7794e+01,3.8908e-01
6761.70,1.8048e+01,3.8940e-01
6762.47,1.8305e+01,3.8918e-01
6763.25,1.7401e+01,3.9126e-01
6764.02,1.6297e+01,3.9369e-01
6764.80,1.6368e+01,3.9348e-01
6765.57,1.6586e+01,3.9313e-01
6766.35,1.6460e+01,3.9271e-01
6767.12,1.6554e+01,3.8984e-01
6767.90,1.6758e+01,3.8717e-01
6768.67,1.6982e+01,3.8681e-01
6769.45,1.7465e+01,3.8697e-01
6770.22,1.7774e+01,3.8686e-01
6771.00,1.7421e+01,3.8694e-01
6771.77,1.7284e+01,3.8654e-01
6772.55,1.7762e+01,3.8592e-01
6773.32,1.8002e+01,3.8591e-01
6774.10,1.8256e+01,3.8695e-01
6774.87,1.8742e+01,3.8848e-01
6775.65,1.8517e+01,3.8893e-01
6776.42,1.7755e+01,3.8833e-01
6777.20,1.7469e+01,3.8819e-01
6777.97,1.7294e+01,3.8792e-01
6778.75,1.6987e+01,3.8724e-01
6779.52,1.7197e+01,3.8705e-01
6780.30,1.7666e+01,3.8728e-01
6781.07,1.7866e+01,3.8736e-01
6781.85,1.7491e+01,3.8730e-01
6782.62,1.6990e+01,3.8694e-01
6783.40,1.7095e+01,3.8613e-01
6784.17,1.7766e+01,3.8563e-01
6784.95,1.8388e+01,3.8591e-01
6785.72,1.7928e+01,3.8641e-01
6786.50,1.7482e+01,3.8663e-01
6787.27,1.8797e+01,3.8649e-01
6788.05,1.9261e+01,3.8661e-01
6788.82,1.8082e+01,3.8721e-01
6789.60,1.8447e+01,3.8755e-01
6790.37,1.8947e+01,3.8748e-01
6791.15,1.7636e+01,3.8721e-01
6791.92,1.7021e+01,3.8713e-01
6792.70,1.7697e+01,3.8723e-01
6793.47,1.8137e+01,3.8726e-01
6794.25,1.8101e+01,3.8656e-01
6795.02,1.7939e+01,3.8535e-01
6795.80,1.8386e+01,3.8494e-01
6796.57,1.9074e+01,3.8549e-01
6797.35,1.9087e+01,3.8615e-01
6798.12,1.8811e+01,3.8639e-01
6798.90,1.8419e+01,3.8610e-01
6799.67,1.7484e+01,3.8579e-01
6800.45,1.7034e+01,3.8553e-01
6801.22,1.7696e+01,3.8538e-01
6802.00,1.8533e+01,3.8600e-01
6802.77,1.8966e+01,3.8692e-01
6803.55,1.9065e+01,3.8720e-01
6804.32,1.9410e+01,3.8670e-01
6805.10,1.9948e+01,3.8635e-01
6805.87,1.9348e+01,3.8806e-01
6806.65,1.8376e+01,3.8935e-01
6807.42,1.8305e+01,3.8757e-01
6808.20,1.8329e+01,3.8619e-01
6808.97,1.8159e+01,3.8637e-01
6809.75,1.8353e+01,3.8592e-01
6810.52,1.8556e+01,3.8533e-01
6811.29,1.8537e+01,3.8534e-01
6812.07,1.8707e+01,3.8621e-01
6812.84,1.8961e+01,3.8703e-01
6813.62,1.8937e+01,3.8678e-01
6814.39,1.9184e+01,3.8610e-01
6815.17,1.9786e+01,3.8586e-01
6815.94,2.0210e+01,3.8631e-01
6816.72,1.9937e+01,3.8657e-01
6817.49,1.9088e+01,3.8610e-01
6818.27,1.8910e+01,3.8754e-01
6819.04,1.9359e+01,3.8980e-01
6819.82,1.9369e+01,3.8964e-01
6820.59,1.8566e+01,3.8845e-01
6821.37,1.7299e+01,3.8942e-01
6822.14,1.6234e+01,3.9494e-01
6822.92,1.6136e+01,4.0011e-01
6823.69,1.6997e+01,3.9915e-01
6824.47,1.7712e+01,3.9880e-01
6825.24,1.7805e+01,3.9982e-01
6826.02,1.8046e+01,3.9439e-01
6826.79,1.8290e+01,3.9006e-01
6827.57,1.8321e+01,3.9400e-01
6828.34,1.7906e+01,4.0317e-01
6829.12,1.7723e+01,4.0980e-01
6829.89,1.8458e+01,4.0878e-01
6830.67,1.8998e+01,4.0251e-01
6831.44,1.8647e+01,3.9693e-01
6832.22,1.8167e+01,3.9325e-01
6832.99,1.7834e+01,3.9450e-01
6833.77,1.7701e+01,3.9934e-01
6834.54,1.7477e+01,4.0286e-01
6835.32,1.7482e+01,4.0305e-01
6836.09,1.8366e+01,4.0375e-01
6836.87,1.9081e+01,3.9972e-01
6837.64,1.8937e+01,3.9031e-01
6838.42,1.9132e+01,3.8433e-01
6839.19,1.9169e+01,3.8396e-01
6839.97,1.8150e+01,3.8502e-01
6840.74,1.7401e+01,3.8723e-01
6841.52,1.7454e+01,3.8850e-01
6842.29,1.7444e+01,3.8793e-01
6843.07,1.7393e+01,3.8573e-01
6843.84,1.7411e+01,3.8355e-01
6844.62,1.7092e+01,3.8222e-01
6845.39,1.6530e+01,3.8235e-01
6846.17,1.6073e+01,3.8354e-01
6846.94,1.6725e+01,3.8493e-01
6847.72,1.8071e+01,3.8562e-01
6848.49,1.7771e+01,3.8535e-01
6849.27,1.7091e+01,3.8496e-01
6850.04,1.8083e+01,3.8528e-01
6850.82,1.8234e+01,3.8594e-01
6851.59,1.7359e+01,3.8619e-01
6852.37,1.7639e+01,3.8565e-01
6853.14,1.8554e+01,3.8480e-01
6853.92,1.8986e+01,3.8423e-01
6854.69,1.8631e+01,3.8378e-01
6855.47,1.8117e+01,3.8319e-01
6856.24,1.8321e+01,3.8240e-01
6857.02,1.8810e+01,3.8250e-01
6857.79,1.8941e+01,3.8331e-01
6858.57,1.8673e+01,3.8338e-01
6859.34,1.8099e+01,3.8270e-01
6860.12,1.7619e+01,3.8274e-01
6860.89,1.7446e+01,3.8315e-01
6861.67,1.7745e+01,3.8667e-01
6862.44,1.8594e+01,3.9358e-01
6863.22,1.8417e+01,4.0467e-01
6863.99,1.7178e+01,4.1498e-01
6864.77,1.7402e+01,4.1381e-01
6865.54,1.8737e+01,4.0588e-01
6866.32,1.9268e+01,4.0436e-01
6867.09,1.9287e+01,4.2315e-01
6867.87,1.9004e+01,4.5659e-01
6868.64,1.8316e+01,4.8332e-01
6869.41,1.7885e+01,4.9336e-01
6870.19,1.8045e+01,4.8897e-01
6870.96,1.8065e+01,4.7844e-01
6871.74,1.8103e+01,4.6883e-01
6872.51,1.8720e+01,4.5899e-01
6873.29,1.9334e+01,4.5026e-01
6874.06,1.9266e+01,4.4152e-01
6874.84,1.8102e+01,4.3606e-01
6875.61,1.7318e+01,4.3201e-01
6876.39,1.8103e+01,4.2715e-01
6877.16,1.9019e+01,4.2161e-01
6877.94,1.9177e+01,4.1493e-01
6878.71,1.9128e+01,4.0962e-01
6879.49,1.8596e+01,4.0477e-01
6880.26,1.7896e+01,3.9810e-01
6881.04,1.7865e+01,3.8927e-01
6881.81,1.8499e+01,3.8073e-01
6882.59,1.9048e+01,3.7729e-01
6883.36,1.9000e+01,3.8072e-01
6884.14,1.8221e+01,3.8834e-01
6884.91,1.7115e+01,3.9566e-01
6885.69,1.6511e+01,4.0166e-01
6886.46,1.6791e+01,4.0720e-01
6887.24,1.7409e+01,4.0653e-01
6888.01,1.7974e+01,4.0611e-01
6888.79,1.8599e+01,4.1451e-01
6889.56,1.8447e+01,4.1929e-01
6890.34,1.7561e+01,4.1396e-01
6891.11,1.6977e+01,4.0740e-01
6891.89,1.7038e+01,4.0655e-01
6892.66,1.7371e+01,4.1152e-01
6893.44,1.6905e+01,4.1145e-01
6894.21,1.6246e+01,4.0527e-01
6894.99,1.7295e+01,4.0372e-01
6895.76,1.8534e+01,4.0750e-01
6896.54,1.8395e+01,4.1125e-01
6897.31,1.7443e+01,4.0885e-01
6898.09,1.7104e+01,4.0215e-01
6898.86,1.8265e+01,3.9843e-01
6899.64,1.9006e+01,4.0178e-01
6900.41,1.8388e+01,4.0692e-01
6901.19,1.8021e+01,4.0374e-01
6901.96,1.7881e+01,3.9575e-01
6902.74,1.7543e+01,3.9217e-01
6903.51,1.7580e+01,3.9456e-01
6904.29,1.7722e+01,3.9779e-01
6905.06,1.7408e+01,3.9585e-01
6905.84,1.6871e+01,3.8982e-01
6906.61,1.6602e+01,3.8513e-01
6907.39,1.6812e+01,3.8566e-01
6908.16,1.7313e+01,3.9011e-01
6908.94,1.7641e+01,3.9326e-01
6909.71,1.7562e+01,3.9217e-01
6910.49,1.7115e+01,3.8739e-01
6911.26,1.6681e+01,3.8094e-01
6912.04,1.6201e+01,3.8337e-01
6912.81,1.5712e+01,3.9496e-01
6913.59,1.6067e+01,4.0242e-01
6914.36,1.6711e+01,3.9666e-01
6915.14,1.6593e+01,3.8036e-01
6915.91,1.6136e+01,3.7036e-01
6916.69,1.6043e+01,3.7414e-01
6917.46,1.6495e+01,3.7418e-01
6918.24,1.6967e+01,3.7381e-01
6919.01,1.6888e+01,3.8075e-01
6919.79,1.7424e+01,3.8130e-01
6920.56,1.8205e+01,3.7661e-01
6921.34,1.7650e+01,3.7734e-01
6922.11,1.6992e+01,3.8913e-01
6922.89,1.7335e+01,4.0461e-01
6923.66,1.7710e+01,4.0911e-01
6924.44,1.7867e+01,4.0092e-01
6925.21,1.8014e+01,3.9008e-01
6925.99,1.7590e+01,3.8157e-01
6926.76,1.6936e+01,3.7789e-01
6927.54,1.7034e+01,3.7719e-01
6928.31,1.7625e+01,3.7637e-01
6929.08,1.7929e+01,3.7404e-01
6929.86,1.7787e+01,3.7263e-01
6930.63,1.7399e+01,3.7314e-01
6931.41,1.7217e+01,3.7474e-01
6932.18,1.7338e+01,3.7585e-01
6932.96,1.7694e+01,3.7554e-01
6933.73,1.8239e+01,3.7442e-01
6934.51,1.8679e+01,3.7389e-01
6935.28,1.8794e+01,3.7476e-01
6936.06,1.7976e+01,3.7606e-01
6936.83,1.6951e+01,3.7711e-01
6937.61,1.7288e+01,3.7821e-01
6938.38,1.7512e+01,3.7854e-01
6939.16,1.6628e+01,3.7879e-01
6939.93,1.7173e+01,3.8644e-01
6940.71,1.8454e+01,3.9134e-01
6941.48,1.8325e+01,3.8113e-01
6942.26,1.7571e+01,3.7114e-01
6943.03,1.7321e+01,3.7180e-01
6943.81,1.7756e+01,3.7304e-01
6944.58,1.8433e+01,3.7368e-01
6945.36,1.8599e+01,3.7500e-01
6946.13,1.7971e+01,3.7501e-01
6946.91,1.7268e+01,3.7594e-01
6947.68,1.7603e+01,3.7980e-01
6948.46,1.7686e+01,3.8712e-01
6949.23,1.6813e+01,3.9396e-01
6950.01,1.6395e+01,3.9467e-01
6950.78,1.6889e+01,3.8910e-01
6951.56,1.7787e+01,3.8225e-01
6952.33,1.8166e+01,3.7726e-01
6953.11,1.7823e+01,3.7564e-01
6953.88,1.7654e+01,3.7618e-01
6954.66,1.7518e+01,3.7718e-01
6955.43,1.7249e+01,3.7718e-01
6956.21,1.7921e+01,3.7554e-01
6956.98,1.8619e+01,3.7384e-01
6957.76,1.7836e+01,3.7423e-01
6958.53,1.6984e+01,3.7568e-01
6959.31,1.7108e+01,3.7631e-01
6960.08,1.7058e+01,3.7539e-01
6960.86,1.7488e+01,3.7432e-01
6961.63,1.8777e+01,3.7492e-01
6962.41,1.8468e+01,3.7652e-01
6963.18,1.6847e+01,3.7805e-01
6963.96,1.6507e+01,3.7883e-01
6964.73,1.7207e+01,3.7872e-01
6965.51,1.7860e+01,3.7855e-01
6966.28,1.8468e+01,3.7910e-01
6967.06,1.8521e+01,3.8022e-01
6967.83,1.7904e+01,3.8086e-01
6968.61,1.7811e+01,3.8273e-01
6969.38,1.8309e+01,3.8539e-01
6970.16,1.7719e+01,3.8628e-01
6970.93,1.7346e+01,3.8466e-01
6971.71,1.8314e+01,3.8185e-01
6972.48,1.8550e+01,3.7985e-01
6973.26,1.7888e+01,3.7938e-01
6974.03,1.7754e+01,3.7937e-01
6974.81,1.8024e+01,3.7919e-01
6975.58,1.8308e+01,3.7879e-01
6976.36,1.8234e+01,3.7832e-01
6977.13,1.8344e+01,3.7980e-01
6977.91,1.9142e+01,3.8365e-01
6978.68,1.8781e+01,3.8707e-01
6979.46,1.7566e+01,3.8722e-01
6980.23,1.7653e+01,3.8385e-01
6981.01,1.8680e+01,3.7962e-01
6981.78,1.9350e+01,3.7753e-01
6982.56,1.9225e+01,3.7726e-01
6983.33,1.8539e+01,3.7776e-01
6984.11,1.8157e+01,3.7816e-01
6984.88,1.7480e+01,3.7747e-01
6985.66,1.6555e+01,3.7570e-01
6986.43,1.6420e+01,3.7431e-01
6987.20,1.6940e+01,3.7328e-01
6987.98,1.7410e+01,3.7222e-01
6988.75,1.7373e+01,3.7208e-01
6989.53,1.7088e+01,3.7258e-01
6990.30,1.7267e+01,3.7279e-01
6991.08,1.7680e+01,3.7342e-01
6991.85,1.7764e+01,3.7452e-01
6992.63,1.7309e+01,3.7448e-01
6993.40,1.6483e+01,3.7357e-01
6994.18,1.5816e+01,3.7315e-01
6994.95,1.6193e+01,3.7488e-01
6995.73,1.7268e+01,3.7813e-01
6996.50,1.7548e+01,3.8042e-01
6997.28,1.7714e+01,3.8003e-01
6998.05,1.8410e+01,3.7763e-01
6998.83,1.7863e+01,3.7532e-01
6999.60,1.6590e+01,3.7506e-01
7000.38,1.6343e+01,3.7668e-01
7001.15,1.6562e+01,3.7690e-01
7001.93,1.6691e+01,3.7480e-01
7002.70,1.7413e+01,3.7474e-01
7003.48,1.7749e+01,3.7546e-01
7004.25,1.7039e+01,3.7424e-01
7005.03,1.6612e+01,3.7144e-01
7005.80,1.7094e+01,3.6893e-01
7006.58,1.7901e+01,3.6875e-01
7007.35,1.7891e+01,3.7064e-01
7008.13,1.6876e+01,3.7287e-01
7008.90,1.6364e+01,3.7438e-01
7009.68,1.6747e+01,3.7523e-01
7010.45,1.7239e+01,3.7618e-01
7011.23,1.7870e+01,3.7772e-01
7012.00,1.8206e+01,3.7894e-01
7012.78,1.7630e+01,3.7795e-01
7013.55,1.7044e+01,3.7553e-01
7014.33,1.7280e+01,3.7324e-01
7015.10,1.7515e+01,3.7046e-01
7015.88,1.7314e+01,3.6740e-01
7016.65,1.6916e+01,3.6517e-01
7017.43,1.6768e+01,3.6529e-01
7018.20,1.6990e+01,3.6766e-01
7018.98,1.6852e+01,3.7089e-01
7019.75,1.6816e+01,3.7307e-01
7020.53,1.7465e+01,3.7347e-01
7021.30,1.7715e+01,3.7276e-01
7022.08,1.7384e+01,3.7160e-01
7022.85,1.7256e+01,3.6970e-01
7023.63,1.7649e+01,3.6794e-01
7024.40,1.8222e+01,3.6710e-01
7025.18,1.8236e+01,3.6810e-01
7025.95,1.7490e+01,3.6938e-01
7026.73,1.6575e+01,3.6918e-01
7027.50,1.5845e+01,3.6813e-01
7028.28,1.5522e+01,3.6789e-01
7029.05,1.5522e+01,3.6931e-01
7029.83,1.5833e+01,3.7126e-01
7030.60,1.6429e+01,3.7213e-01
7031.38,1.7462e+01,3.7285e-01
7032.15,1.8597e+01,3.7362e-01
7032.93,1.9331e+01,3.7378e-01
7033.70,1.8823e+01,3.7319e-01
7034.48,1.7593e+01,3.7214e-01
7035.25,1.7549e+01,3.7122e-01
7036.03,1.8432e+01,3.7058e-01
7036.80,1.8716e+01,3.7004e-01
7037.58,1.7553e+01,3.6887e-01
7038.35,1.6012e+01,3.6730e-01
7039.13,1.6368e+01,3.6651e-01
7039.90,1.7740e+01,3.6743e-01
7040.68,1.8255e+01,3.6970e-01
7041.45,1.7775e+01,3.7215e-01
7042.23,1.7072e+01,3.7356e-01
7043.00,1.7273e+01,3.7371e-01
7043.78,1.7407e+01,3.7329e-01
7044.55,1.6994e+01,3.7333e-01
7045.33,1.7074e+01,3.7327e-01
7046.10,1.7597e+01,3.7406e-01
7046.87,1.8002e+01,3.7595e-01
7047.65,1.7832e+01,3.7747e-01
7048.42,1.7355e+01,3.7790e-01
7049.20,1.7355e+01,3.7792e-01
7049.97,1.7472e+01,3.7688e-01
7050.75,1.7174e+01,3.7467e-01
7051.52,1.6248e+01,3.7215e-01
7052.30,1.5730e+01,3.7032e-01
7053.07,1.6648e+01,3.6968e-01
7053.85,1.7152e+01,3.7010e-01
7054.62,1.6777e+01,3.7067e-01
7055.40,1.7605e+01,3.7120e-01
7056.17,1.8188e+01,3.7100e-01
7056.95,1.7220e+01,3.7014e-01
7057.72,1.6999e+01,3.7004e-01
7058.50,1.7599e+01,3.7032e-01
7059.27,1.7241e+01,3.6946e-01
7060.05,1.7124e+01,3.6889e-01
7060.82,1.7760e+01,3.6953e-01
7061.60,1.7536e+01,3.7036e-01
7062.37,1.7170e+01,3.7088e-01
7063.15,1.7824e+01,3.7103e-01
7063.92,1.7909e+01,3.7119e-01
7064.70,1.7214e+01,3.7137e-01
7065.47,1.7044e+01,3.7108e-01
7066.25,1.7591e+01,3.7049e-01
7067.02,1.8317e+01,3.7007e-01
7067.80,1.8817e+01,3.6936e-01
7068.57,1.8463e+01,3.6977e-01
7069.35,1.7267e+01,3.7241e-01
7070.12,1.6684e+01,3.7330e-01
7070.90,1.7228e+01,3.7130e-01
7071.67,1.7681e+01,3.7023e-01
7072.45,1.7718e+01,3.7040e-01
7073.22,1.7552e+01,3.7053e-01
7074.00,1.6951e+01,3.7085e-01
7074.77,1.6390e+01,3.7114e-01
7075.55,1.6505e+01,3.7129e-01
7076.32,1.6804e+01,3.7085e-01
7077.10,1.6774e+01,3.6998e-01
7077.87,1.6841e+01,3.6966e-01
7078.65,1.6916e+01,3.6974e-01
7079.42,1.6800e+01,3.6956e-01
7080.20,1.6817e+01,3.6927e-01
7080.97,1.6971e+01,3.6941e-01
7081.75,1.6782e+01,3.7084e-01
7082.52,1.6824e+01,3.7116e-01
7083.30,1.7362e+01,3.6964e-01
7084.07,1.7062e+01,3.7344e-01
7084.85,1.6345e+01,3.7817e-01
7085.62,1.6549e+01,3.7487e-01
7086.40,1.7248e+01,3.6982e-01
7087.17,1.7723e+01,3.6905e-01
7087.95,1.7840e+01,3.6990e-01
7088.72,1.7644e+01,3.7089e-01
7089.50,1.7428e+01,3.7087e-01
7090.27,1.7151e+01,3.6981e-01
7091.05,1.6898e+01,3.6864e-01
7091.82,1.6809e+01,3.6841e-01
7092.60,1.6823e+01,3.6874e-01
7093.37,1.6865e+01,3.6872e-01
7094.15,1.6923e+01,3.6827e-01
7094.92,1.7182e+01,3.6791e-01
7095.70,1.7751e+01,3.6827e-01
7096.47,1.7512e+01,3.6816e-01
7097.25,1.6575e+01,3.6730e-01
7098.02,1.6402e+01,3.6698e-01
7098.80,1.6909e+01,3.6715e-01
7099.57,1.7312e+01,3.6743e-01
7100.35,1.7443e+01,3.6847e-01
7101.12,1.7423e+01,3.6971e-01
7101.90,1.7608e+01,3.7008e-01
7102.67,1.7758e+01,3.6972e-01
7103.45,1.7690e+01,3.6927e-01
7104.22,1.7534e+01,3.6923e-01
7105.00,1.7460e+01,3.6897e-01
7105.77,1.7549e+01,3.6780e-01
7106.54,1.7377e+01,3.6699e-01
7107.32,1.7108e+01,3.6710e-01
7108.09,1.7381e+01,3.6765e-01
7108.87,1.7881e+01,3.6786e-01
7109.64,1.7986e+01,3.6739e-01
7110.42,1.7288e+01,3.6691e-01
7111.19,1.6449e+01,3.6681e-01
7111.97,1.6478e+01,3.6698e-01
7112.74,1.6548e+01,3.6684e-01
7113.52,1.6210e+01,3.6644e-01
7114.29,1.6285e+01,3.6680e-01
7115.07,1.6564e+01,3.6751e-01
7115.84,1.6677e+01,3.6781e-01
7116.62,1.6985e+01,3.6723e-01
7117.39,1.7496e+01,3.6667e-01
7118.17,1.8002e+01,3.6661e-01
7118.94,1.7524e+01,3.7040e-01
7119.72,1.6274e+01,3.7576e-01
7120.49,1.6086e+01,3.7329e-01
7121.27,1.6940e+01,3.6631e-01
7122.04,1.7512e+01,3.6433e-01
7122.82,1.7751e+01,3.6651e-01
7123.59,1.7659e+01,3.6965e-01
7124.37,1.7251e+01,3.7192e-01
7125.14,1.7059e+01,3.7143e-01
7125.92,1.7343e+01,3.6926e-01
7126.69,1.7703e+01,3.6730e-01
7127.47,1.7825e+01,3.6786e-01
7128.24,1.7796e+01,3.7038e-01
7129.02,1.7045e+01,3.7478e-01
7129.79,1.5796e+01,3.7778e-01
7130.57,1.5032e+01,3.7500e-01
7131.34,1.5136e+01,3.6926e-01
7132.12,1.5745e+01,3.6638e-01
7132.89,1.6943e+01,3.6615e-01
7133.67,1.7941e+01,3.6701e-01
7134.44,1.7890e+01,3.6774e-01
7135.22,1.7283e+01,3.6793e-01
7135.99,1.6977e+01,3.6790e-01
7136.77,1.7312e+01,3.6773e-01
7137.54,1.7259e+01,3.6729e-01
7138.32,1.5765e+01,3.6646e-01
7139.09,1.5581e+01,3.6621e-01
7139.87,1.7124e+01,3.6684e-01
7140.64,1.7317e+01,3.6762e-01
7141.42,1.6801e+01,3.6807e-01
7142.19,1.7094e+01,3.6813e-01
7142.97,1.7247e+01,3.6800e-01
7143.74,1.7188e+01,3.6801e-01
7144.52,1.7398e+01,3.6814e-01
7145.29,1.7383e+01,3.6827e-01
7146.07,1.6990e+01,3.6788e-01
7146.84,1.6803e+01,3.6669e-01
7147.62,1.6883e+01,3.6479e-01
7148.39,1.6951e+01,3.6296e-01
7149.17,1.6599e+01,3.6241e-01
7149.94,1.6039e+01,3.6306e-01
7150.72,1.6016e+01,3.6388e-01
7151.49,1.6343e+01,3.6428e-01
7152.27,1.6563e+01,3.6439e-01
7153.04,1.6759e+01,3.6460e-01
7153.82,1.6830e+01,3.6508e-01
7154.59,1.6680e+01,3.6550e-01
7155.37,1.6905e+01,3.6529e-01
7156.14,1.7408e+01,3.6460e-01
7156.92,1.7068e+01,3.6440e-01
7157.69,1.6622e+01,3.6459e-01
7158.47,1.6980e+01,3.6463e-01
7159.24,1.7444e+01,3.6471e-01
7160.02,1.7353e+01,3.6484e-01
7160.79,1.6601e+01,3.6490e-01
7161.57,1.6225e+01,3.6497e-01
7162.34,1.6661e+01,3.6461e-01
7163.12,1.6412e+01,3.6325e-01
7163.89,1.6076e+01,3.6085e-01
7164.66,1.6828e+01,3.5884e-01
7165.44,1.7147e+01,3.5575e-01
7166.21,1.6511e+01,3.5569e-01
7166.99,1.6165e+01,3.6592e-01
7167.76,1.5890e+01,3.7448e-01
7168.54,1.5435e+01,3.7252e-01
7169.31,1.5843e+01,3.7040e-01
7170.09,1.6562e+01,3.7202e-01
7170.86,1.6410e+01,3.7279e-01
7171.64,1.5847e+01,3.7545e-01
7172.41,1.5749e+01,3.8008e-01
7173.19,1.6500e+01,3.8495e-01
7173.96,1.7266e+01,3.8423e-01
7174.74,1.7106e+01,3.7667e-01
7175.51,1.6847e+01,3.7248e-01
7176.29,1.7004e+01,3.7671e-01
7177.06,1.7359e+01,3.8400e-01
7177.84,1.7161e+01,3.8574e-01
7178.61,1.6383e+01,3.7925e-01
7179.39,1.6567e+01,3.7342e-01
7180.16,1.7433e+01,3.7184e-01
7180.94,1.7695e+01,3.7194e-01
7181.71,1.7215e+01,3.7340e-01
7182.49,1.6646e+01,3.7719e-01
7183.26,1.7020e+01,3.8345e-01
7184.04,1.7485e+01,3.9381e-01
7184.81,1.6978e+01,4.0625e-01
7185.59,1.6596e+01,4.1566e-01
7186.36,1.6364e+01,4.1910e-01
7187.14,1.5493e+01,4.1755e-01
7187.91,1.5541e+01,4.0704e-01
7188.69,1.6826e+01,3.9070e-01
7189.46,1.7296e+01,3.7833e-01
7190.24,1.6971e+01,3.7715e-01
7191.01,1.6964e+01,3.8401e-01
7191.79,1.7297e+01,3.9566e-01
7192.56,1.7600e+01,4.0269e-01
7193.34,1.7312e+01,4.0028e-01
7194.11,1.6745e+01,3.9158e-01
7194.89,1.6423e+01,3.8382e-01
7195.66,1.6245e+01,3.7694e-01
7196.44,1.6202e+01,3.7213e-01
7197.21,1.6350e+01,3.7051e-01
7197.99,1.6232e+01,3.7191e-01
7198.76,1.6131e+01,3.7726e-01
7199.54,1.7465e+01,3.8958e-01
7200.31,1.8218e+01,3.9954e-01
7201.09,1.6688e+01,3.9937e-01
7201.86,1.5528e+01,3.9083e-01
7202.64,1.5729e+01,3.8121e-01
7203.41,1.5966e+01,3.7588e-01
7204.19,1.5917e+01,3.8000e-01
7204.96,1.5627e+01,3.8768e-01
7205.74,1.5852e+01,3.8899e-01
7206.51,1.6147e+01,3.8196e-01
7207.29,1.5762e+01,3.7390e-01
7208.06,1.5492e+01,3.6393e-01
7208.84,1.5713e+01,3.5513e-01
7209.61,1.5981e+01,3.5394e-01
7210.39,1.5961e+01,3.5688e-01
7211.16,1.5666e+01,3.5809e-01
7211.94,1.5315e+01,3.5950e-01
7212.71,1.5552e+01,3.6119e-01
7213.49,1.6706e+01,3.6261e-01
7214.26,1.7089e+01,3.6254e-01
7215.04,1.6281e+01,3.6073e-01
7215.81,1.6421e+01,3.5808e-01
7216.59,1.6850e+01,3.5612e-01
7217.36,1.6267e+01,3.5572e-01
7218.14,1.6179e+01,3.5655e-01
7218.91,1.6955e+01,3.5799e-01
7219.69,1.7601e+01,3.5962e-01
7220.46,1.7584e+01,3.6159e-01
7221.24,1.6942e+01,3.6336e-01
7222.01,1.6293e+01,3.6312e-01
7222.79,1.5918e+01,3.6096e-01
7223.56,1.5661e+01,3.5853e-01
7224.33,1.5832e+01,3.5800e-01
7225.11,1.6384e+01,3.5927e-01
7225.88,1.7083e+01,3.6038e-01
7226.66,1.7335e+01,3.5943e-01
7227.43,1.6981e+01,3.5692e-01
7228.21,1.6393e+01,3.5597e-01
7228.98,1.6233e+01,3.5772e-01
7229.76,1.6783e+01,3.6127e-01
7230.53,1.7004e+01,3.5900e-01
7231.31,1.6403e+01,3.5514e-01
7232.08,1.6062e+01,3.6734e-01
7232.86,1.6203e+01,3.8836e-01
7233.63,1.6463e+01,4.0028e-01
7234.41,1.6477e+01,4.0241e-01
7235.18,1.6449e+01,3.9693e-01
7235.96,1.7151e+01,3.8771e-01
7236.73,1.7554e+01,3.7589e-01
7237.51,1.6895e+01,3.6660e-01
7238.28,1.6220e+01,3.6659e-01
7239.06,1.5885e+01,3.8486e-01
7239.83,1.5640e+01,4.1610e-01
7240.61,1.5250e+01,4.3555e-01
7241.38,1.4878e+01,4.3344e-01
7242.16,1.5182e+01,4.1943e-01
7242.93,1.6018e+01,4.0696e-01
7243.71,1.6703e+01,4.0525e-01
7244.48,1.6122e+01,4.2064e-01
7245.26,1.4974e+01,4.3434e-01
7246.03,1.5023e+01,4.2786e-01
7246.81,1.5697e+01,4.0255e-01
7247.58,1.5927e+01,3.7430e-01
7248.36,1.5710e+01,3.6014e-01
7249.13,1.5368e+01,3.5883e-01
7249.91,1.5371e+01,3.5539e-01
7250.68,1.6426e+01,3.5954e-01
7251.46,1.7857e+01,3.7476e-01
7252.23,1.8072e+01,3.9560e-01
7253.01,1.7261e+01,4.0686e-01
7253.78,1.6555e+01,4.0146e-01
7254.56,1.6374e+01,3.8691e-01
7255.33,1.6599e+01,3.7294e-01
7256.11,1.6581e+01,3.6329e-01
7256.88,1.6551e+01,3.6432e-01
7257.66,1.6597e+01,3.6878e-01
7258.43,1.6252e+01,3.6369e-01
7259.21,1.6061e+01,3.5471e-01
7259.98,1.6530e+01,3.5558e-01
7260.76,1.6123e+01,3.5485e-01
7261.53,1.5208e+01,3.5240e-01
7262.31,1.5728e+01,3.5833e-01
7263.08,1.6708e+01,3.6822e-01
7263.86,1.6993e+01,3.7587e-01
7264.63,1.7769e+01,3.8379e-01
7265.41,1.8201e+01,3.8711e-01
7266.18,1.7186e+01,3.8177e-01
7266.96,1.5823e+01,3.7083e-01
7267.73,1.5425e+01,3.6187e-01
7268.51,1.6225e+01,3.6135e-01
7269.28,1.7249e+01,3.6344e-01
7270.06,1.7418e+01,3.6126e-01
7270.83,1.7117e+01,3.5963e-01
7271.61,1.7030e+01,3.6550e-01
7272.38,1.7457e+01,3.8095e-01
7273.16,1.7917e+01,3.8969e-01
7273.93,1.7829e+01,3.9107e-01
7274.71,1.7197e+01,3.9982e-01
7275.48,1.6651e+01,4.2526e-01
7276.26,1.6807e+01,4.5529e-01
7277.03,1.6232e+01,4.6767e-01
7277.81,1.5374e+01,4.5154e-01
7278.58,1.6646e+01,4.1484e-01
7279.36,1.7618e+01,3.7738e-01
7280.13,1.6446e+01,3.5978e-01
7280.91,1.5909e+01,3.5800e-01
7281.68,1.6615e+01,3.6077e-01
7282.46,1.7238e+01,3.6444e-01
7283.23,1.7345e+01,3.7419e-01
7284.00,1.7088e+01,3.8835e-01
7284.78,1.7369e+01,3.9738e-01
7285.55,1.7686e+01,3.9397e-01
7286.33,1.7289e+01,3.8025e-01
7287.10,1.6839e+01,3.7143e-01
7287.88,1.6595e+01,3.7203e-01
7288.65,1.6302e+01,3.6973e-01
7289.43,1.6197e+01,3.7036e-01
7290.20,1.6274e+01,3.7627e-01
7290.98,1.6113e+01,3.8127e-01
7291.75,1.5937e+01,3.8040e-01
7292.53,1.6154e+01,3.7432e-01
7293.30,1.6018e+01,3.6291e-01
7294.08,1.5345e+01,3.5347e-01
7294.85,1.4648e+01,3.5520e-01
7295.63,1.4861e+01,3.6329e-01
7296.40,1.6107e+01,3.6763e-01
7297.18,1.7083e+01,3.6870e-01
7297.95,1.7332e+01,3.6639e-01
7298.73,1.7493e+01,3.6226e-01
7299.50,1.7091e+01,3.5856e-01
7300.28,1.6359e+01,3.5703e-01
7301.05,1.5987e+01,3.5299e-01
7301.83,1.6519e+01,3.5769e-01
7302.60,1.7629e+01,3.7621e-01
7303.38,1.7966e+01,3.9466e-01
7304.15,1.7294e+01,4.0093e-01
7304.93,1.6673e+01,3.9368e-01
7305.70,1.6857e+01,3.7916e-01
7306.48,1.7654e+01,3.6792e-01
7307.25,1.7967e+01,3.6292e-01
7308.03,1.7428e+01,3.6064e-01
7308.80,1.6706e+01,3.5499e-01
7309.58,1.5980e+01,3.5752e-01
7310.35,1.5637e+01,3.6583e-01
7311.13,1.6184e+01,3.6250e-01
7311.90,1.6479e+01,3.5442e-01
7312.68,1.5805e+01,3.5583e-01
7313.45,1.6715e+01,3.5876e-01
7314.23,1.8424e+01,3.6596e-01
7315.00,1.8050e+01,3.8085e-01
7315.78,1.6489e+01,3.9915e-01
7316.55,1.5338e+01,4.1240e-01
7317.33,1.4703e+01,4.1872e-01
7318.10,1.4587e+01,4.0675e-01
7318.88,1.4629e+01,3.7387e-01
7319.65,1.5346e+01,3.5299e-01
7320.43,1.6404e+01,3.5838e-01
7321.20,1.6786e+01,3.6304e-01
7321.98,1.6910e+01,3.6419e-01
7322.75,1.7301e+01,3.6515e-01
7323.53,1.7159e+01,3.6465e-01
7324.30,1.6639e+01,3.6344e-01
7325.08,1.6357e+01,3.6275e-01
7325.85,1.6508e+01,3.6153e-01
7326.63,1.6987e+01,3.6149e-01
7327.40,1.7684e+01,3.6426e-01
7328.18,1.7841e+01,3.7321e-01
7328.95,1.7173e+01,3.8546e-01
7329.73,1.6371e+01,3.9095e-01
7330.50,1.6088e+01,3.8640e-01
7331.28,1.6232e+01,3.7717e-01
7332.05,1.6888e+01,3.7000e-01
7332.83,1.7658e+01,3.6848e-01
7333.60,1.7889e+01,3.6883e-01
7334.38,1.7739e+01,3.6840e-01
7335.15,1.7846e+01,3.6791e-01
7335.93,1.7108e+01,3.6927e-01
7336.70,1.6022e+01,3.7423e-01
7337.48,1.6547e+01,3.8145e-01
7338.25,1.7627e+01,3.8659e-01
7339.03,1.7734e+01,3.9008e-01
7339.80,1.8204e+01,4.0255e-01
7340.58,1.8598e+01,4.2125e-01
7341.35,1.7641e+01,4.3398e-01
7342.12,1.6956e+01,4.2689e-01
7342.90,1.7233e+01,4.0233e-01
7343.67,1.6874e+01,3.8331e-01
7344.45,1.6038e+01,3.7609e-01
7345.22,1.5714e+01,3.7045e-01
7346.00,1.5677e+01,3.7156e-01
7346.77,1.6206e+01,3.7411e-01
7347.55,1.7791e+01,3.7272e-01
7348.32,1.8771e+01,3.6917e-01
7349.10,1.8240e+01,3.6749e-01
7349.87,1.7875e+01,3.6627e-01
7350.65,1.7871e+01,3.6524e-01
7351.42,1.7411e+01,3.6443e-01
7352.20,1.6917e+01,3.6853e-01
7352.97,1.6820e+01,3.7568e-01
7353.75,1.7378e+01,3.7824e-01
7354.52,1.7795e+01,3.7550e-01
7355.30,1.7460e+01,3.7193e-01
7356.07,1.7690e+01,3.6791e-01
7356.85,1.8223e+01,3.6851e-01
7357.62,1.7760e+01,3.7590e-01
7358.40,1.6830e+01,3.8512e-01
7359.17,1.6328e+01,3.8900e-01
7359.95,1.6219e+01,3.8544e-01
7360.72,1.6861e+01,3.7641e-01
7361.50,1.8099e+01,3.6776e-01
7362.27,1.8380e+01,3.6360e-01
7363.05,1.7592e+01,3.6349e-01
7363.82,1.7083e+01,3.6389e-01
7364.60,1.7602e+01,3.6419e-01
7365.37,1.8608e+01,3.6557e-01
7366.15,1.8241e+01,3.6618e-01
7366.92,1.6788e+01,3.6900e-01
7367.70,1.6085e+01,3.7533e-01
7368.47,1.6553e+01,3.9018e-01
7369.25,1.7429e+01,4.0685e-01
7370.02,1.7605e+01,4.1277e-01
7370.80,1.6813e+01,4.0363e-01
7371.57,1.5922e+01,3.8617e-01
7372.35,1.6332e+01,3.7227e-01
7373.12,1.7688e+01,3.6839e-01
7373.90,1.8109e+01,3.6835e-01
7374.67,1.7914e+01,3.6922e-01
7375.45,1.7810e+01,3.6855e-01
7376.22,1.7333e+01,3.6784e-01
7377.00,1.6944e+01,3.6736e-01
7377.77,1.7084e+01,3.6710e-01
7378.55,1.7529e+01,3.6737e-01
7379.32,1.7728e+01,3.6765e-01
7380.10,1.7130e+01,3.6729e-01
7380.87,1.7038e+01,3.6642e-01
7381.65,1.8184e+01,3.6558e-01
7382.42,1.8419e+01,3.6478e-01
7383.20,1.7610e+01,3.6420e-01
7383.97,1.7322e+01,3.6400e-01
7384.75,1.7440e+01,3.6430e-01
7385.52,1.7541e+01,3.6468e-01
7386.30,1.7437e+01,3.6439e-01
7387.07,1.7196e+01,3.6383e-01
7387.85,1.7106e+01,3.6398e-01
7388.62,1.7495e+01,3.6383e-01
7389.40,1.8016e+01,3.6425e-01
7390.17,1.7934e+01,3.6579e-01
7390.95,1.7576e+01,3.7120e-01
7391.72,1.7419e+01,3.7899e-01
7392.50,1.6783e+01,3.8352e-01
7393.27,1.6491e+01,3.8187e-01
7394.05,1.7486e+01,3.7605e-01
7394.82,1.7999e+01,3.6994e-01
7395.60,1.7283e+01,3.6704e-01
7396.37,1.6818e+01,3.6682e-01
7397.15,1.6696e+01,3.6759e-01
7397.92,1.6591e+01,3.6816e-01
7398.70,1.7486e+01,3.6894e-01
7399.47,1.8392e+01,3.7219e-01
7400.25,1.7806e+01,3.7737e-01
7401.02,1.6050e+01,3.8840e-01
7401.79,1.4859e+01,4.0098e-01
7402.57,1.5994e+01,4.0494e-01
7403.34,1.8141e+01,3.9691e-01
7404.12,1.8720e+01,3.8251e-01
7404.89,1.8520e+01,3.7087e-01
7405.67,1.8126e+01,3.6701e-01
7406.44,1.6946e+01,3.6656e-01
7407.22,1.6691e+01,3.6704e-01
7407.99,1.7921e+01,3.6670e-01
7408.77,1.7942e+01,3.6606e-01
7409.54,1.7088e+01,3.6521e-01
7410.32,1.7635e+01,3.6477e-01
7411.09,1.8267e+01,3.6469e-01
7411.87,1.8242e+01,3.6653e-01
7412.64,1.8525e+01,3.7207e-01
7413.42,1.9032e+01,3.7868e-01
7414.19,1.9338e+01,3.8223e-01
7414.97,1.9832e+01,3.8148e-01
7415.74,2.0161e+01,3.7753e-01
7416.52,1.9591e+01,3.7274e-01
7417.29,1.8878e+01,3.6959e-01
7418.07,1.8707e+01,3.6847e-01
7418.84,1.8596e+01,3.6834e-01
7419.62,1.8455e+01,3.6792e-01
7420.39,1.8412e+01,3.6724e-01
7421.17,1.8631e+01,3.6642e-01
7421.94,1.8931e+01,3.6545e-01
7422.72,1.8940e+01,3.6427e-01
7423.49,1.8623e+01,3.6350e-01
7424.27,1.8255e+01,3.6366e-01
7425.04,1.7860e+01,3.6435e-01
7425.82,1.7796e+01,3.6540e-01
7426.59,1.8286e+01,3.6682e-01
7427.37,1.8665e+01,3.6852e-01
7428.14,1.8362e+01,3.7104e-01
7428.92,1.7510e+01,3.7506e-01
7429.69,1.6902e+01,3.7830e-01
7430.47,1.7104e+01,3.7840e-01
7431.24,1.7224e+01,3.7556e-01
7432.02,1.6871e+01,3.7227e-01
7432.79,1.6685e+01,3.7114e-01
7433.57,1.6661e+01,3.7093e-01
7434.34,1.6688e+01,3.6966e-01
7435.12,1.6830e+01,3.6788e-01
7435.89,1.6892e+01,3.6753e-01
7436.67,1.6750e+01,3.6983e-01
7437.44,1.6479e+01,3.7648e-01
7438.22,1.6378e+01,3.8399e-01
7438.99,1.6509e+01,3.8690e-01
7439.77,1.7198e+01,3.8303e-01
7440.54,1.8224e+01,3.7549e-01
7441.32,1.8312e+01,3.6882e-01
7442.09,1.7571e+01,3.6620e-01
7442.87,1.7255e+01,3.6635e-01
7443.64,1.7171e+01,3.6726e-01
7444.42,1.6829e+01,3.6679e-01
7445.19,1.5963e+01,3.6561e-01
7445.97,1.5437e+01,3.6480e-01
7446.74,1.6140e+01,3.6531e-01
7447.52,1.6427e+01,3.6771e-01
7448.29,1.6178e+01,3.7028e-01
7449.07,1.7237e+01,3.7049e-01
7449.84,1.8161e+01,3.6920e-01
7450.62,1.7697e+01,3.6839e-01
7451.39,1.7384e+01,3.6781e-01
7452.17,1.7571e+01,3.6730e-01
7452.94,1.7561e+01,3.6661e-01
7453.72,1.7345e+01,3.6672e-01
7454.49,1.7176e+01,3.6761e-01
7455.27,1.7356e+01,3.6796e-01
7456.04,1.7975e+01,3.6774e-01
7456.82,1.8631e+01,3.6771e-01
7457.59,1.8701e+01,3.6827e-01
7458.37,1.7926e+01,3.6917e-01
7459.14,1.6647e+01,3.6952e-01
7459.92,1.6181e+01,3.6940e-01
7460.69,1.6950e+01,3.6916e-01
7461.46,1.7764e+01,3.6866e-01
7462.24,1.7950e+01,3.6828e-01
7463.01,1.7746e+01,3.6840e-01
7463.79,1.7209e+01,3.6866e-01
7464.56,1.6746e+01,3.6925e-01
7465.34,1.6703e+01,3.7063e-01
7466.11,1.6749e+01,3.7242e-01
7466.89,1.6472e+01,3.7360e-01
7467.66,1.6260e+01,3.7230e-01
7468.44,1.6154e+01,3.6989e-01
7469.21,1.5969e+01,3.6920e-01
7469.99,1.5959e+01,3.7086e-01
7470.76,1.6075e+01,3.7375e-01
7471.54,1.5667e+01,3.7637e-01
7472.31,1.5430e+01,3.7784e-01
7473.09,1.6085e+01,3.7823e-01
7473.86,1.7010e+01,3.7812e-01
7474.64,1.7324e+01,3.7709e-01
7475.41,1.6569e+01,3.7417e-01
7476.19,1.6085e+01,3.7056e-01
7476.96,1.6659e+01,3.6877e-01
7477.74,1.6814e+01,3.7043e-01
7478.51,1.6031e+01,3.7524e-01
7479.29,1.4897e+01,3.8061e-01
7480.06,1.5267e+01,3.8261e-01
7480.84,1.6901e+01,3.8065e-01
7481.61,1.6978e+01,3.7721e-01
7482.39,1.6190e+01,3.7620e-01
7483.16,1.6255e+01,3.7832e-01
7483.94,1.6383e+01,3.8046e-01
7484.71,1.6156e+01,3.7918e-01
7485.49,1.5608e+01,3.7478e-01
7486.26,1.5601e+01,3.7028e-01
7487.04,1.6417e+01,3.6846e-01
7487.81,1.7245e+01,3.6839e-01
7488.59,1.7300e+01,3.6889e-01
7489.36,1.6532e+01,3.6918e-01
7490.14,1.6498e+01,3.6838e-01
7490.91,1.7274e+01,3.6707e-01
7491.69,1.7209e+01,3.6663e-01
7492.46,1.6246e+01,3.6778e-01
7493.24,1.5337e+01,3.6953e-01
7494.01,1.5853e+01,3.7050e-01
7494.79,1.6994e+01,3.6937e-01
7495.56,1.6805e+01,3.6654e-01
7496.34,1.6514e+01,3.6510e-01
7497.11,1.6764e+01,3.6635e-01
7497.89,1.6343e+01,3.6786e-01
7498.66,1.5489e+01,3.6833e-01
7499.44,1.4937e+01,3.6790e-01
7500.21,1.4495e+01,3.6788e-01
7500.99,1.4309e+01,3.6850e-01
7501.76,1.4704e+01,3.6844e-01
7502.54,1.5309e+01,3.6823e-01
7503.31,1.5607e+01,3.6841e-01
7504.09,1.6455e+01,3.6771e-01
7504.86,1.5882e+01,3.6780e-01
7505.64,1.2203e+01,3.7019e-01
7506.41,1.2217e+01,3.7158e-01
7507.19,1.5516e+01,3.7025e-01
7507.96,1.2731e+01,3.6781e-01
7508.74,9.2166e+00,3.6670e-01
7509.51,1.1677e+01,3.6769e-01
7510.29,1.5632e+01,3.6816e-01
7511.06,1.7481e+01,3.6674e-01
7511.84,1.7241e+01,3.6455e-01
7512.61,1.3205e+01,3.6491e-01
7513.39,9.0563e+00,3.6825e-01
7514.16,1.2924e+01,3.7059e-01
7514.94,1.8772e+01,3.7024e-01
7515.71,1.7205e+01,3.6847e-01
7516.49,1.7210e+01,3.7007e-01
7517.26,2.0250e+01,3.7394e-01
7518.04,1.8504e+01,3.7311e-01
7518.81,1.5109e+01,3.7138e-01
7519.58,1.4287e+01,3.7318e-01
7520.36,1.4876e+01,3.7486e-01
7521.13,1.5647e+01,3.7557e-01
7521.91,1.5392e+01,3.7560e-01
7522.68,1.7478e+01,3.8531e-01
7523.46,2.0650e+01,4.0202e-01
7524.23,1.7442e+01,4.1050e-01
7525.01,1.3718e+01,4.0740e-01
7525.78,1.6010e+01,3.9840e-01
7526.56,1.9588e+01,3.8712e-01
7527.33,1.8578e+01,3.7960e-01
7528.11,1.1098e+01,3.7814e-01
7528.88,7.3964e+00,3.7833e-01
7529.66,1.2668e+01,3.7668e-01
7530.43,1.6583e+01,3.8116e-01
7531.21,1.7531e+01,3.8522e-01
7531.98,1.9089e+01,3.8117e-01
7532.76,1.7036e+01,3.7449e-01
7533.53,1.2338e+01,3.7148e-01
7534.31,9.5492e+00,3.7385e-01
7535.08,1.0923e+01,3.7527e-01
7535.86,1.4679e+01,3.7097e-01
7536.63,1.6343e+01,3.6862e-01
7537.41,1.5725e+01,3.6943e-01
7538.18,1.6477e+01,3.6930e-01
7538.96,1.6976e+01,3.6961e-01
7539.73,1.6410e+01,3.7091e-01
7540.51,1.6159e+01,3.7222e-01
7541.28,1.5991e+01,3.7254e-01
7542.06,1.5394e+01,3.7167e-01
7542.83,1.5316e+01,3.7075e-01
7543.61,1.5832e+01,3.7034e-01
7544.38,1.6207e+01,3.6999e-01
7545.16,1.6291e+01,3.6933e-01
7545.93,1.6393e+01,3.6890e-01
7546.71,1.7196e+01,3.7083e-01
7547.48,1.8061e+01,3.7388e-01
7548.26,1.7944e+01,3.7541e-01
7549.03,1.7156e+01,3.7359e-01
7549.81,1.6499e+01,3.7037e-01
7550.58,1.6573e+01,3.7006e-01
7551.36,1.6677e+01,3.7155e-01
7552.13,1.6168e+01,3.7178e-01
7552.91,1.5995e+01,3.7237e-01
7553.68,1.6650e+01,3.7253e-01
7554.46,1.7823e+01,3.7093e-01
7555.23,1.8127e+01,3.6939e-01
7556.01,1.7083e+01,3.7025e-01
7556.78,1.5789e+01,3.7285e-01
7557.56,1.5344e+01,3.7774e-01
7558.33,1.5926e+01,3.8352e-01
7559.11,1.6500e+01,3.8177e-01
7559.88,1.6519e+01,3.7389e-01
7560.66,1.6700e+01,3.7033e-01
7561.43,1.6696e+01,3.7070e-01
7562.21,1.6363e+01,3.7069e-01
7562.98,1.6443e+01,3.7131e-01
7563.76,1.6551e+01,3.7141e-01
7564.53,1.5942e+01,3.7071e-01
7565.31,1.5401e+01,3.7004e-01
7566.08,1.5378e+01,3.7049e-01
7566.86,1.5318e+01,3.7227e-01
7567.63,1.5459e+01,3.7358e-01
7568.41,1.5972e+01,3.7393e-01
7569.18,1.6200e+01,3.7463e-01
7569.96,1.6094e+01,3.7997e-01
7570.73,1.6138e+01,3.9016e-01
7571.51,1.6254e+01,4.0062e-01
7572.28,1.6314e+01,4.0473e-01
7573.06,1.6609e+01,3.9821e-01
7573.83,1.6534e+01,3.8596e-01
7574.61,1.5679e+01,3.7774e-01
7575.38,1.5267e+01,3.7522e-01
7576.16,1.5856e+01,3.7678e-01
7576.93,1.6644e+01,3.8097e-01
7577.71,1.7249e+01,3.8423e-01
7578.48,1.7358e+01,3.8418e-01
7579.25,1.6257e+01,3.7844e-01
7580.03,1.4936e+01,3.7127e-01
7580.80,1.4892e+01,3.6933e-01
7581.58,1.5275e+01,3.7019e-01
7582.35,1.5322e+01,3.6998e-01
7583.13,1.5817e+01,3.6975e-01
7583.90,1.6250e+01,3.6982e-01
7584.68,1.6084e+01,3.7088e-01
7585.45,1.5725e+01,3.7407e-01
7586.23,1.5498e+01,3.7730e-01
7587.00,1.5210e+01,3.7729e-01
7587.78,1.5552e+01,3.7454e-01
7588.55,1.5810e+01,3.7198e-01
7589.33,1.2662e+01,3.7161e-01
7590.10,8.8297e+00,3.7301e-01
7590.88,8.9166e+00,3.7550e-01
7591.65,1.2650e+01,3.7531e-01
7592.43,1.6786e+01,3.8374e-01
7593.20,1.8248e+01,4.0348e-01
7593.98,1.7271e+01,4.4639e-01
7594.75,1.6388e+01,5.1001e-01
7595.53,1.5035e+01,5.8319e-01
7596.30,1.4574e+01,6.4967e-01
7597.08,1.6155e+01,6.9024e-01
7597.85,1.7266e+01,7.1522e-01
7598.63,1.6646e+01,7.6077e-01
7599.40,1.6936e+01,8.2177e-01
7600.18,1.7718e+01,9.0920e-01
7600.95,1.7479e+01,1.0070e+00
7601.73,1.6132e+01,1.0746e+00
7602.50,1.4656e+01,1.1339e+00
7603.28,1.4394e+01,1.2174e+00
7604.05,1.4987e+01,1.2661e+00
7604.83,1.5332e+01,1.2491e+00
7605.60,1.6032e+01,1.2343e+00
7606.38,1.5758e+01,1.2194e+00
7607.15,1.3398e+01,1.1582e+00
7607.93,1.3029e+01,1.0921e+00
7608.70,1.5278e+01,1.0365e+00
7609.48,1.5611e+01,9.7119e-01
7610.25,1.3973e+01,8.9526e-01
7611.03,1.2684e+01,8.2201e-01
7611.80,1.3034e+01,7.7139e-01
7612.58,1.4382e+01,7.1967e-01
7613.35,1.4455e+01,6.4837e-01
7614.13,1.4498e+01,5.9112e-01
7614.90,1.5414e+01,5.6576e-01
7615.68,1.5354e+01,5.3085e-01
7616.45,1.4900e+01,4.7263e-01
7617.23,1.5361e+01,4.2702e-01
7618.00,1.5534e+01,3.9916e-01
7618.78,1.5352e+01,3.8715e-01
7619.55,1.5987e+01,3.9462e-01
7620.33,1.6935e+01,4.1771e-01
7621.10,1.7297e+01,4.5118e-01
7621.88,1.6612e+01,4.7156e-01
7622.65,1.5840e+01,5.0061e-01
7623.43,1.6377e+01,5.5620e-01
7624.20,1.6211e+01,5.8681e-01
7624.98,1.4899e+01,5.7866e-01
7625.75,1.4909e+01,5.4886e-01
7626.53,1.6499e+01,5.5888e-01
7627.30,1.8139e+01,6.2233e-01
7628.08,1.7144e+01,6.4856e-01
7628.85,1.4347e+01,6.1492e-01
7629.63,1.3845e+01,5.6375e-01
7630.40,1.3375e+01,5.6575e-01
7631.18,1.1510e+01,6.2201e-01
7631.95,1.2571e+01,6.4042e-01
7632.73,1.5245e+01,5.9801e-01
7633.50,1.5748e+01,5.3567e-01
7634.28,1.6505e+01,5.1695e-01
7635.05,1.7903e+01,5.5943e-01
7635.83,1.6762e+01,6.0693e-01
7636.60,1.5048e+01,6.0348e-01
7637.37,1.5222e+01,5.4329e-01
7638.15,1.5354e+01,4.8768e-01
7638.92,1.5487e+01,4.9843e-01
7639.70,1.7048e+01,5.5261e-01
7640.47,1.7395e+01,5.7346e-01
7641.25,1.5835e+01,5.3041e-01
7642.02,1.5951e+01,4.7346e-01
7642.80,1.6554e+01,4.5225e-01
7643.57,1.5202e+01,4.7393e-01
7644.35,1.4727e+01,5.2572e-01
7645.12,1.5701e+01,5.4977e-01
7645.90,1.5803e+01,5.1019e-01
7646.67,1.5839e+01,4.3980e-01
7647.45,1.6613e+01,4.1309e-01
7648.22,1.7524e+01,4.2850e-01
7649.00,1.7333e+01,4.7238e-01
7649.77,1.5419e+01,5.2262e-01
7650.55,1.4966e+01,5.1383e-01
7651.32,1.6820e+01,4.4395e-01
7652.10,1.7618e+01,3.9361e-01
7652.87,1.7491e+01,4.0541e-01
7653.65,1.7632e+01,4.3762e-01
7654.42,1.4852e+01,4.6637e-01
7655.20,1.1677e+01,4.6464e-01
7655.97,1.3280e+01,4.3499e-01
7656.75,1.6271e+01,3.9600e-01
7657.52,1.6777e+01,3.7941e-01
7658.30,1.6292e+01,3.8737e-01
7659.07,1.6033e+01,4.1206e-01
7659.85,1.6687e+01,4.3663e-01
7660.62,1.6808e+01,4.3761e-01
7661.40,1.5966e+01,4.1548e-01
7662.17,1.5416e+01,3.9572e-01
7662.95,1.5476e+01,3.8750e-01
7663.72,1.5892e+01,3.8739e-01
7664.50,1.6591e+01,3.9746e-01
7665.27,1.6892e+01,4.0941e-01
7666.05,1.6306e+01,4.1689e-01
7666.82,1.6100e+01,4.1255e-01
7667.60,1.6621e+01,3.9765e-01
7668.37,1.6005e+01,3.7732e-01
7669.15,1.5434e+01,3.6918e-01
7669.92,1.6366e+01,3.8009e-01
7670.70,1.6871e+01,3.9364e-01
7671.47,1.6408e+01,3.9646e-01
7672.25,1.6305e+01,3.9273e-01
7673.02,1.6150e+01,3.8299e-01
7673.80,1.5649e+01,3.7324e-01
7674.57,1.5332e+01,3.6797e-01
7675.35,1.5421e+01,3.7050e-01
7676.12,1.5748e+01,3.7753e-01
7676.90,1.6080e+01,3.8473e-01
7677.67,1.6108e+01,3.8538e-01
7678.45,1.5475e+01,3.7475e-01
7679.22,1.5505e+01,3.6554e-01
7680.00,1.6810e+01,3.6942e-01
7680.77,1.7354e+01,3.7399e-01
7681.55,1.6559e+01,3.7368e-01
7682.32,1.5619e+01,3.7349e-01
7683.10,1.5304e+01,3.7145e-01
7683.87,1.5759e+01,3.6927e-01
7684.65,1.6138e+01,3.7029e-01
7685.42,1.6337e+01,3.7608e-01
7686.20,1.6642e+01,3.8374e-01
7686.97,1.7074e+01,3.8863e-01
7687.75,1.7249e+01,3.8921e-01
7688.52,1.6588e+01,3.8868e-01
7689.30,1.5909e+01,3.8471e-01
7690.07,1.5979e+01,3.7740e-01
7690.85,1.6151e+01,3.7276e-01
7691.62,1.6384e+01,3.7265e-01
7692.40,1.6973e+01,3.7414e-01
7693.17,1.7128e+01,3.7548e-01
7693.95,1.6916e+01,3.7513e-01
7694.72,1.7490e+01,3.7414e-01
7695.50,1.8136e+01,3.7280e-01
7696.27,1.7896e+01,3.7180e-01
7697.04,1.7029e+01,3.7138e-01
7697.82,1.6630e+01,3.7279e-01
7698.59,1.7695e+01,3.7585e-01
7699.37,1.8166e+01,3.8201e-01
7700.14,1.7045e+01,3.8814e-01
7700.92,1.7050e+01,3.8581e-01
7701.69,1.7683e+01,3.7911e-01
7702.47,1.7209e+01,3.7740e-01
7703.24,1.6646e+01,3.7749e-01
7704.02,1.6850e+01,3.7689e-01
7704.79,1.7849e+01,3.7731e-01
7705.57,1.8344e+01,3.7776e-01
7706.34,1.7543e+01,3.7759e-01
7707.12,1.6544e+01,3.7757e-01
7707.89,1.6337e+01,3.7742e-01
7708.67,1.6912e+01,3.7708e-01
7709.44,1.7695e+01,3.7644e-01
7710.22,1.7818e+01,3.8136e-01
7710.99,1.6719e+01,3.9526e-01
7711.77,1.6141e+01,4.1752e-01
7712.54,1.7451e+01,4.3877e-01
7713.32,1.6960e+01,4.4139e-01
7714.09,1.5003e+01,4.2859e-01
7714.87,1.5870e+01,4.1689e-01
7715.64,1.6787e+01,4.2228e-01
7716.42,1.5665e+01,4.3995e-01
7717.19,1.6107e+01,4.5193e-01
7717.97,1.7648e+01,4.4519e-01
7718.74,1.7808e+01,4.2353e-01
7719.52,1.7963e+01,3.9957e-01
7720.29,1.8658e+01,3.8573e-01
7721.07,1.8799e+01,3.8007e-01
7721.84,1.8113e+01,3.7994e-01
7722.62,1.7106e+01,3.8132e-01
7723.39,1.7121e+01,3.8551e-01
7724.17,1.7930e+01,3.9056e-01
7724.94,1.8094e+01,3.9420e-01
7725.72,1.7910e+01,3.9568e-01
7726.49,1.7950e+01,3.9577e-01
7727.27,1.8050e+01,3.9532e-01
7728.04,1.8450e+01,3.9377e-01
7728.82,1.9089e+01,3.9051e-01
7729.59,1.8949e+01,3.8832e-01
7730.37,1.7959e+01,3.8807e-01
7731.14,1.7002e+01,3.8849e-01
7731.92,1.7080e+01,3.8798e-01
7732.69,1.8034e+01,3.8610e-01
7733.47,1.8034e+01,3.8416e-01
7734.24,1.7244e+01,3.8364e-01
7735.02,1.7152e+01,3.8475e-01
7735.79,1.8028e+01,3.8581e-01
7736.57,1.8877e+01,3.8501e-01
7737.34,1.7962e+01,3.8254e-01
7738.12,1.6624e+01,3.8009e-01
7738.89,1.6799e+01,3.7934e-01
7739.67,1.7095e+01,3.7985e-01
7740.44,1.7159e+01,3.8019e-01
7741.22,1.7729e+01,3.7973e-01
7741.99,1.8348e+01,3.7855e-01
7742.77,1.8559e+01,3.7752e-01
7743.54,1.8287e+01,3.7720e-01
7744.32,1.7919e+01,3.7770e-01
7745.09,1.7864e+01,3.7861e-01
7745.87,1.7689e+01,3.7895e-01
7746.64,1.7230e+01,3.7927e-01
7747.42,1.7013e+01,3.7883e-01
7748.19,1.6738e+01,3.8441e-01
7748.97,1.6268e+01,4.0173e-01
7749.74,1.6886e+01,4.3716e-01
7750.52,1.7663e+01,4.6959e-01
7751.29,1.6916e+01,4.7748e-01
7752.07,1.5947e+01,4.5545e-01
7752.84,1.6121e+01,4.1766e-01
7753.62,1.7339e+01,3.8977e-01
7754.39,1.8174e+01,3.8268e-01
7755.17,1.7538e+01,3.8194e-01
7755.94,1.7204e+01,3.8518e-01
7756.71,1.7795e+01,3.8679e-01
7757.49,1.8072e+01,3.8866e-01
7758.26,1.8050e+01,3.9420e-01
7759.04,1.7917e+01,4.0408e-01
7759.81,1.7035e+01,4.1506e-01
7760.59,1.6766e+01,4.1835e-01
7761.36,1.8373e+01,4.0952e-01
7762.14,1.9262e+01,3.9449e-01
7762.91,1.8431e+01,3.8291e-01
7763.69,1.8215e+01,3.7905e-01
7764.46,1.8072e+01,3.8030e-01
7765.24,1.7253e+01,3.8026e-01
7766.01,1.7073e+01,3.8051e-01
7766.79,1.7857e+01,3.8112e-01
7767.56,1.8865e+01,3.8227e-01
7768.34,1.9262e+01,3.8305e-01
7769.11,1.8849e+01,3.8288e-01
7769.89,1.8421e+01,3.8180e-01
7770.66,1.8198e+01,3.8080e-01
7771.44,1.7962e+01,3.8093e-01
7772.21,1.7842e+01,3.8449e-01
7772.99,1.7857e+01,3.8983e-01
7773.76,1.8107e+01,3.9326e-01
7774.54,1.8027e+01,3.9130e-01
7775.31,1.7504e+01,3.8510e-01
7776.09,1.7603e+01,3.8015e-01
7776.86,1.8180e+01,3.7892e-01
7777.64,1.8351e+01,3.7920e-01
7778.41,1.7888e+01,3.8222e-01
7779.19,1.7223e+01,3.8836e-01
7779.96,1.7215e+01,3.9764e-01
7780.74,1.7481e+01,4.0355e-01
7781.51,1.7318e+01,4.0167e-01
7782.29,1.7672e+01,3.9386e-01
7783.06,1.8234e+01,3.8594e-01
7783.84,1.7953e+01,3.8251e-01
7784.61,1.7286e+01,3.8259e-01
7785.39,1.7166e+01,3.8259e-01
7786.16,1.8176e+01,3.8410e-01
7786.94,1.9321e+01,3.8517e-01
7787.71,1.9272e+01,3.8448e-01
7788.49,1.8594e+01,3.8562e-01
7789.26,1.8229e+01,3.8887e-01
7790.04,1.8532e+01,3.9015e-01
7790.81,1.8807e+01,3.8883e-01
7791.59,1.8292e+01,3.9038e-01
7792.36,1.7789e+01,3.9898e-01
7793.14,1.7295e+01,4.2079e-01
7793.91,1.6302e+01,4.5023e-01
7794.69,1.6573e+01,4.6321e-01
7795.46,1.8035e+01,4.4931e-01
7796.24,1.7655e+01,4.1866e-01
7797.01,1.6894e+01,3.9027e-01
7797.79,1.8100e+01,3.7955e-01
7798.56,1.9062e+01,3.7999e-01
7799.34,1.8760e+01,3.7895e-01
7800.11,1.8207e+01,3.7843e-01
7800.89,1.7557e+01,3.7749e-01
7801.66,1.7117e+01,3.7771e-01
7802.44,1.7600e+01,3.7847e-01
7803.21,1.8197e+01,3.7943e-01
7803.99,1.7803e+01,3.8059e-01
7804.76,1.7347e+01,3.8076e-01
7805.54,1.7531e+01,3.8185e-01
7806.31,1.8119e+01,3.8448e-01
7807.09,1.8105e+01,3.9324e-01
7807.86,1.7085e+01,4.0641e-01
7808.64,1.6707e+01,4.1724e-01
7809.41,1.7179e+01,4.1820e-01
7810.19,1.7274e+01,4.0763e-01
7810.96,1.7312e+01,3.9385e-01
7811.74,1.7547e+01,3.8654e-01
7812.51,1.7797e+01,3.8509e-01
7813.29,1.7656e+01,3.8654e-01
7814.06,1.7002e+01,3.8714e-01
7814.83,1.7075e+01,3.8712e-01
7815.61,1.7851e+01,3.8650e-01
7816.38,1.7927e+01,3.8557e-01
7817.16,1.7561e+01,3.8431e-01
7817.93,1.7584e+01,3.8573e-01
7818.71,1.8437e+01,3.8908e-01
7819.48,1.9504e+01,4.0298e-01
7820.26,1.9797e+01,4.2662e-01
7821.03,1.8709e+01,4.5704e-01
7821.81,1.7383e+01,4.7717e-01
7822.58,1.8028e+01,4.6877e-01
7823.36,1.9445e+01,4.3689e-01
7824.13,1.9414e+01,4.0403e-01
7824.91,1.8562e+01,3.8605e-01
7825.68,1.7694e+01,3.8429e-01
7826.46,1.7293e+01,3.8467e-01
7827.23,1.7352e+01,3.8565e-01
7828.01,1.7627e+01,3.8760e-01
7828.78,1.8785e+01,3.8887e-01
7829.56,1.9475e+01,3.8873e-01
7830.33,1.8455e+01,3.8790e-01
7831.11,1.7749e+01,3.8624e-01
7831.88,1.8228e+01,3.8440e-01
7832.66,1.8296e+01,3.8177e-01
7833.43,1.8282e+01,3.8432e-01
7834.21,1.8628e+01,3.9283e-01
7834.98,1.8989e+01,3.9768e-01
7835.76,1.8841e+01,3.9567e-01
7836.53,1.8025e+01,3.9179e-01
7837.31,1.7214e+01,3.8652e-01
7838.08,1.7098e+01,3.8305e-01
7838.86,1.7776e+01,3.8325e-01
7839.63,1.8398e+01,3.9002e-01
7840.41,1.8196e+01,4.0085e-01
7841.18,1.8231e+01,4.1263e-01
7841.96,1.8585e+01,4.1754e-01
7842.73,1.8102e+01,4.1037e-01
7843.51,1.7908e+01,3.9713e-01
7844.28,1.8592e+01,3.8794e-01
7845.06,1.8484e+01,3.8489e-01
7845.83,1.7872e+01,3.8565e-01
7846.61,1.8050e+01,3.8579e-01
7847.38,1.8144e+01,3.8615e-01
7848.16,1.7925e+01,3.8824e-01
7848.93,1.8542e+01,3.9252e-01
7849.71,1.8743e+01,3.9574e-01
7850.48,1.7578e+01,3.9917e-01
7851.26,1.7104e+01,4.0575e-01
7852.03,1.7336e+01,4.2715e-01
7852.81,1.6589e+01,4.6230e-01
7853.58,1.6464e+01,4.8492e-01
7854.36,1.7665e+01,4.7833e-01
7855.13,1.8393e+01,4.4420e-01
7855.91,1.8496e+01,4.0481e-01
7856.68,1.8718e+01,3.8942e-01
7857.46,1.8841e+01,3.9250e-01
7858.23,1.8929e+01,3.9745e-01
7859.01,1.9393e+01,4.0262e-01
7859.78,1.8797e+01,4.0994e-01
7860.56,1.6856e+01,4.2026e-01
7861.33,1.6263e+01,4.2294e-01
7862.11,1.7157e+01,4.1559e-01
7862.88,1.7757e+01,4.0434e-01
7863.66,1.7305e+01,3.9444e-01
7864.43,1.6478e+01,3.8935e-01
7865.21,1.7492e+01,3.8751e-01
7865.98,1.8523e+01,3.8897e-01
7866.76,1.7399e+01,3.9349e-01
7867.53,1.6330e+01,3.9969e-01
7868.31,1.6401e+01,4.0561e-01
7869.08,1.6763e+01,4.0827e-01
7869.86,1.7169e+01,4.1417e-01
7870.63,1.7285e+01,4.2339e-01
7871.41,1.6902e+01,4.2581e-01
7872.18,1.6550e+01,4.1697e-01
7872.96,1.6828e+01,4.0123e-01
7873.73,1.7291e+01,3.8911e-01
7874.50,1.7680e+01,3.8556e-01
7875.28,1.8222e+01,3.8450e-01
7876.05,1.8621e+01,3.8400e-01
7876.83,1.8691e+01,3.8543e-01
7877.60,1.8822e+01,3.9360e-01
7878.38,1.8929e+01,4.0504e-01
7879.15,1.8594e+01,4.1197e-01
7879.93,1.8218e+01,4.1143e-01
7880.70,1.7957e+01,4.0691e-01
7881.48,1.7072e+01,4.0537e-01
7882.25,1.6737e+01,4.0555e-01
7883.03,1.7849e+01,4.0242e-01
7883.80,1.9056e+01,3.9626e-01
7884.58,1.9055e+01,3.9195e-01
7885.35,1.7889e+01,3.9502e-01
7886.13,1.6688e+01,4.0284e-01
7886.90,1.6351e+01,4.1130e-01
7887.68,1.6103e+01,4.1835e-01
7888.45,1.5649e+01,4.2864e-01
7889.23,1.5348e+01,4.4319e-01
7890.00,1.4924e+01,4.5332e-01
7890.78,1.4863e+01,4.4997e-01
7891.55,1.6362e+01,4.2896e-01
7892.33,1.7645e+01,4.0577e-01
7893.10,1.7102e+01,3.9836e-01
7893.88,1.6670e+01,4.0097e-01
7894.65,1.6851e+01,4.0169e-01
7895.43,1.6460e+01,3.9748e-01
7896.20,1.6273e+01,3.9080e-01
7896.98,1.6517e+01,3.8759e-01
7897.75,1.6183e+01,3.8909e-01
7898.53,1.5590e+01,3.9264e-01
7899.30,1.5539e+01,3.9415e-01
7900.08,1.6090e+01,3.9305e-01
7900.85,1.6654e+01,3.9083e-01
7901.63,1.6460e+01,3.8961e-01
7902.40,1.6063e+01,3.8963e-01
7903.18,1.6290e+01,3.8992e-01
7903.95,1.6891e+01,3.9092e-01
7904.73,1.7624e+01,3.9163e-01
7905.50,1.8183e+01,3.9117e-01
7906.28,1.8382e+01,3.9045e-01
7907.05,1.8260e+01,3.9009e-01
7907.83,1.7691e+01,3.8959e-01
7908.60,1.7534e+01,3.8851e-01
7909.38,1.8232e+01,3.8842e-01
7910.15,1.8065e+01,3.8905e-01
7910.93,1.7355e+01,3.9654e-01
7911.70,1.8104e+01,4.0881e-01
7912.48,1.8810e+01,4.4079e-01
7913.25,1.8247e+01,4.8084e-01
7914.03,1.7580e+01,5.0189e-01
7914.80,1.7408e+01,4.8831e-01
7915.58,1.7651e+01,4.4577e-01
7916.35,1.8008e+01,4.0402e-01
7917.13,1.8051e+01,3.8984e-01
7917.90,1.7623e+01,3.8904e-01
7918.68,1.7562e+01,3.9466e-01
7919.45,1.8188e+01,4.0220e-01
7920.23,1.7776e+01,4.1895e-01
7921.00,1.6479e+01,4.3554e-01
7921.78,1.5843e+01,4.3962e-01
7922.55,1.6517e+01,4.2713e-01
7923.33,1.7946e+01,4.0631e-01
7924.10,1.8773e+01,3.9262e-01
7924.88,1.8767e+01,3.8976e-01
7925.65,1.8684e+01,3.8862e-01
7926.43,1.8064e+01,3.8887e-01
7927.20,1.7699e+01,3.8862e-01
7927.98,1.8796e+01,3.8923e-01
7928.75,1.9604e+01,3.9150e-01
7929.53,1.8777e+01,3.9764e-01
7930.30,1.7688e+01,4.1055e-01
7931.08,1.7328e+01,4.2433e-01
7931.85,1.7751e+01,4.3063e-01
7932.63,1.8335e+01,4.2383e-01
7933.40,1.8580e+01,4.0892e-01
7934.17,1.8832e+01,3.9819e-01
7934.95,1.9114e+01,3.9542e-01
7935.72,1.9313e+01,3.9494e-01
7936.50,1.9095e+01,3.9355e-01
7937.27,1.8609e+01,3.9028e-01
7938.05,1.8471e+01,3.8979e-01
7938.82,1.7753e+01,3.9149e-01
7939.60,1.6471e+01,3.9318e-01
7940.37,1.6546e+01,3.9331e-01
7941.15,1.7530e+01,3.9243e-01
7941.92,1.7955e+01,3.9235e-01
7942.70,1.7347e+01,3.9262e-01
7943.47,1.6660e+01,3.9255e-01
7944.25,1.7427e+01,3.9208e-01
7945.02,1.8822e+01,3.9097e-01
7945.80,1.9346e+01,3.9020e-01
7946.57,1.9445e+01,3.8899e-01
7947.35,1.8798e+01,3.9175e-01
7948.12,1.7163e+01,4.0037e-01
7948.90,1.6543e+01,4.1207e-01
7949.67,1.7483e+01,4.1903e-01
7950.45,1.8007e+01,4.1388e-01
7951.22,1.8068e+01,4.0243e-01
7952.00,1.8445e+01,3.9589e-01
7952.77,1.8940e+01,3.9604e-01
7953.55,1.9423e+01,3.9801e-01
7954.32,1.9733e+01,3.9602e-01
7955.10,1.9540e+01,3.9166e-01
7955.87,1.8825e+01,3.8883e-01
7956.65,1.7907e+01,3.8782e-01
7957.42,1.7211e+01,3.8770e-01
7958.20,1.6948e+01,3.8707e-01
7958.97,1.7105e+01,3.8633e-01
7959.75,1.7418e+01,3.8582e-01
7960.52,1.7875e+01,3.8596e-01
7961.30,1.7927e+01,3.8517e-01
7962.07,1.7511e+01,3.8731e-01
7962.85,1.7660e+01,3.9909e-01
7963.62,1.8241e+01,4.2581e-01
7964.40,1.8313e+01,4.5909e-01
7965.17,1.7784e+01,4.7358e-01
7965.95,1.7356e+01,4.5994e-01
7966.72,1.8013e+01,4.2876e-01
7967.50,1.9176e+01,4.0338e-01
7968.27,1.9614e+01,4.0022e-01
7969.05,1.9494e+01,4.0877e-01
7969.82,1.9192e+01,4.0978e-01
7970.60,1.8768e+01,4.0130e-01
7971.37,1.9005e+01,3.9087e-01
7972.15,1.9740e+01,3.8945e-01
7972.92,1.9268e+01,3.9451e-01
7973.70,1.8051e+01,3.9852e-01
7974.47,1.7772e+01,3.9634e-01
7975.25,1.7964e+01,3.9350e-01
7976.02,1.7951e+01,3.9598e-01
7976.80,1.7705e+01,4.0104e-01
7977.57,1.7471e+01,4.0756e-01
7978.35,1.7552e+01,4.1364e-01
7979.12,1.7068e+01,4.2126e-01
7979.90,1.6608e+01,4.2637e-01
7980.67,1.7459e+01,4.2372e-01
7981.45,1.8454e+01,4.1260e-01
7982.22,1.8625e+01,3.9872e-01
7983.00,1.8972e+01,3.9129e-01
7983.77,1.9047e+01,3.9050e-01
7984.55,1.8242e+01,3.8968e-01
7985.32,1.7724e+01,3.9022e-01
7986.10,1.7809e+01,3.9128e-01
7986.87,1.7554e+01,3.9185e-01
7987.65,1.7417e+01,3.9227e-01
7988.42,1.7837e+01,3.9335e-01
7989.20,1.8309e+01,3.9390e-01
7989.97,1.8631e+01,3.9383e-01
7990.75,1.8882e+01,3.9340e-01
7991.52,1.8807e+01,4.0669e-01
7992.29,1.8397e+01,4.3660e-01
7993.07,1.7949e+01,4.7309e-01
7993.84,1.7487e+01,4.8786e-01
7994.62,1.7010e+01,4.6827e-01
7995.39,1.7464e+01,4.3078e-01
7996.17,1.8248e+01,4.0024e-01
7996.94,1.8128e+01,3.8680e-01
7997.72,1.6814e+01,3.9337e-01
7998.49,1.5273e+01,4.0251e-01
7999.27,1.5192e+01,4.0614e-01
8000.04,1.5933e+01,3.9977e-01
8000.82,1.5769e+01,3.9118e-01
8001.59,1.6402e+01,3.8731e-01
8002.37,1.8089e+01,3.9109e-01
8003.14,1.9021e+01,3.9738e-01
8003.92,1.8846e+01,4.0069e-01
8004.69,1.8209e+01,3.9895e-01
8005.47,1.8019e+01,3.9511e-01
8006.24,1.8124e+01,3.9184e-01
8007.02,1.7524e+01,3.8946e-01
8007.79,1.6947e+01,3.8835e-01
8008.57,1.7012e+01,3.8825e-01
8009.34,1.7687e+01,3.9041e-01
8010.12,1.8027e+01,3.9228e-01
8010.89,1.7384e+01,3.9226e-01
8011.67,1.6264e+01,3.9099e-01
8012.44,1.5682e+01,3.9328e-01
8013.22,1.6205e+01,4.0178e-01
8013.99,1.6996e+01,4.1129e-01
8014.77,1.7136e+01,4.1467e-01
8015.54,1.6923e+01,4.0906e-01
8016.32,1.7041e+01,3.9885e-01
8017.09,1.7908e+01,3.9230e-01
8017.87,1.8076e+01,3.9036e-01
8018.64,1.7315e+01,3.9113e-01
8019.42,1.7437e+01,3.9423e-01
8020.19,1.7754e+01,3.9718e-01
8020.97,1.7199e+01,3.9846e-01
8021.74,1.6653e+01,3.9513e-01
8022.52,1.6586e+01,3.9056e-01
8023.29,1.6962e+01,3.8916e-01
8024.07,1.6740e+01,4.0042e-01
8024.84,1.5997e+01,4.2322e-01
8025.62,1.6920e+01,4.5064e-01
8026.39,1.8550e+01,4.6177e-01
8027.17,1.8798e+01,4.4688e-01
8027.94,1.7571e+01,4.1920e-01
8028.72,1.6278e+01,4.0018e-01
8029.49,1.6461e+01,3.9836e-01
8030.27,1.7712e+01,4.0368e-01
8031.04,1.8545e+01,4.0040e-01
8031.82,1.8540e+01,3.9625e-01
8032.59,1.7925e+01,3.9303e-01
8033.37,1.7564e+01,3.9057e-01
8034.14,1.7120e+01,3.8916e-01
8034.92,1.6619e+01,3.8819e-01
8035.69,1.6840e+01,3.8783e-01
8036.47,1.7377e+01,3.8790e-01
8037.24,1.7523e+01,3.8836e-01
8038.02,1.7550e+01,3.8929e-01
8038.79,1.7548e+01,3.9010e-01
8039.57,1.7385e+01,3.8996e-01
8040.34,1.7235e+01,3.8966e-01
8041.12,1.7245e+01,3.8985e-01
8041.89,1.7406e+01,3.9007e-01
8042.67,1.7581e+01,3.8961e-01
8043.44,1.7648e+01,3.8831e-01
8044.22,1.7337e+01,3.8667e-01
8044.99,1.6905e+01,3.8536e-01
8045.77,1.7118e+01,3.8467e-01
8046.54,1.7206e+01,3.8483e-01
8047.32,1.6570e+01,3.8584e-01
8048.09,1.6545e+01,3.8757e-01
8048.87,1.7123e+01,3.8981e-01
8049.64,1.7192e+01,3.9167e-01
8050.42,1.7455e+01,3.9581e-01
8051.19,1.8092e+01,4.0252e-01
8051.96,1.8068e+01,4.0883e-01
8052.74,1.7499e+01,4.1001e-01
8053.51,1.7065e+01,4.0470e-01
8054.29,1.6988e+01,3.9610e-01
8055.06,1.7079e+01,3.8997e-01
8055.84,1.6852e+01,3.8922e-01
8056.61,1.6783e+01,3.9165e-01
8057.39,1.7249e+01,3.9275e-01
8058.16,1.7838e+01,3.9249e-01
8058.94,1.8172e+01,3.9152e-01
8059.71,1.8163e+01,3.9150e-01
8060.49,1.7613e+01,3.9748e-01
8061.26,1.6911e+01,4.0940e-01
8062.04,1.6677e+01,4.2227e-01
8062.81,1.6944e+01,4.2603e-01
8063.59,1.7255e+01,4.1730e-01
8064.36,1.7560e+01,4.0324e-01
8065.14,1.7548e+01,3.9295e-01
8065.91,1.6967e+01,3.8922e-01
8066.69,1.6969e+01,3.9011e-01
8067.46,1.7722e+01,3.9001e-01
8068.24,1.7410e+01,3.9001e-01
8069.01,1.6370e+01,3.8890e-01
8069.79,1.6028e+01,3.8716e-01
8070.56,1.6201e+01,3.8663e-01
8071.34,1.6631e+01,3.8756e-01
8072.11,1.7499e+01,3.8785e-01
8072.89,1.7337e+01,3.8857e-01
8073.66,1.5893e+01,3.9049e-01
8074.44,1.5899e+01,3.9019e-01
8075.21,1.7087e+01,3.8952e-01
8075.99,1.7037e+01,3.9194e-01
8076.76,1.7096e+01,3.9527e-01
8077.54,1.7814e+01,3.9640e-01
8078.31,1.7650e+01,3.9442e-01
8079.09,1.7012e+01,3.9107e-01
8079.86,1.6831e+01,3.8918e-01
8080.64,1.7132e+01,3.8835e-01
8081.41,1.7303e+01,3.8820e-01
8082.19,1.6676e+01,3.8887e-01
8082.96,1.5968e+01,3.8992e-01
8083.74,1.5889e+01,3.9083e-01
8084.51,1.5917e+01,3.9138e-01
8085.29,1.5978e+01,3.9126e-01
8086.06,1.6191e+01,3.9056e-01
8086.84,1.6771e+01,3.8966e-01
8087.61,1.7429e+01,3.8909e-01
8088.39,1.7489e+01,3.8919e-01
8089.16,1.7072e+01,3.8925e-01
8089.94,1.6723e+01,3.8874e-01
8090.71,1.6649e+01,3.8816e-01
8091.49,1.6790e+01,3.8828e-01
8092.26,1.6787e+01,3.8908e-01
8093.04,1.6953e+01,3.9146e-01
8093.81,1.7234e+01,3.9439e-01
8094.59,1.6883e+01,3.9561e-01
8095.36,1.6366e+01,3.9402e-01
8096.14,1.6429e+01,3.9082e-01
8096.91,1.6851e+01,3.8878e-01
8097.69,1.7116e+01,3.8884e-01
8098.46,1.6758e+01,3.8884e-01
8099.24,1.6731e+01,3.8970e-01
8100.01,1.7463e+01,3.9299e-01
8100.79,1.7670e+01,3.9999e-01
8101.56,1.6873e+01,4.0701e-01
8102.34,1.5692e+01,4.0900e-01
8103.11,1.5073e+01,4.0735e-01
8103.89,1.5284e+01,4.0373e-01
8104.66,1.5450e+01,3.9666e-01
8105.44,1.5637e+01,3.9072e-01
8106.21,1.6140e+01,3.8935e-01
8106.99,1.6591e+01,3.8999e-01
8107.76,1.6877e+01,3.8954e-01
8108.54,1.7090e+01,3.8843e-01
8109.31,1.7038e+01,3.8689e-01
8110.09,1.6721e+01,3.8569e-01
8110.86,1.6102e+01,3.8543e-01
8111.63,1.5978e+01,3.8468e-01
8112.41,1.6813e+01,3.8210e-01
8113.18,1.7314e+01,3.8740e-01
8113.96,1.7006e+01,3.9594e-01
8114.73,1.6843e+01,3.9123e-01
8115.51,1.6907e+01,3.8383e-01
8116.28,1.7018e+01,3.8656e-01
8117.06,1.7510e+01,3.8903e-01
8117.83,1.7697e+01,3.8800e-01
8118.61,1.6859e+01,3.8712e-01
8119.38,1.6138e+01,3.8582e-01
8120.16,1.6356e+01,3.8692e-01
8120.93,1.7061e+01,3.9424e-01
8121.71,1.7400e+01,4.0308e-01
8122.48,1.6966e+01,4.0691e-01
8123.26,1.5769e+01,4.0524e-01
8124.03,1.5226e+01,4.0174e-01
8124.81,1.6620e+01,4.0009e-01
8125.58,1.8434e+01,4.0095e-01
8126.36,1.8802e+01,4.0132e-01
8127.13,1.7631e+01,3.9630e-01
8127.91,1.6485e+01,3.9091e-01
8128.68,1.6874e+01,3.9272e-01
8129.46,1.7942e+01,4.0447e-01
8130.23,1.8183e+01,4.1619e-01
8131.01,1.7061e+01,4.1257e-01
8131.78,1.5786e+01,4.0495e-01
8132.56,1.5848e+01,4.0949e-01
8133.33,1.7144e+01,4.1887e-01
8134.11,1.8422e+01,4.2604e-01
8134.88,1.8405e+01,4.2809e-01
8135.66,1.7966e+01,4.2318e-01
8136.43,1.8077e+01,4.1513e-01
8137.21,1.7920e+01,4.0920e-01
8137.98,1.7950e+01,4.0750e-01
8138.76,1.8508e+01,4.0816e-01
8139.53,1.8956e+01,4.1549e-01
8140.31,1.8565e+01,4.2682e-01
8141.08,1.7124e+01,4.3530e-01
8141.86,1.6335e+01,4.3720e-01
8142.63,1.7248e+01,4.3375e-01
8143.41,1.8781e+01,4.2849e-01
8144.18,1.9488e+01,4.2362e-01
8144.96,1.8919e+01,4.1877e-01
8145.73,1.7657e+01,4.1848e-01
8146.51,1.7013e+01,4.2545e-01
8147.28,1.7907e+01,4.3927e-01
8148.06,1.8566e+01,4.4922e-01
8148.83,1.7421e+01,4.4755e-01
8149.61,1.6900e+01,4.3700e-01
8150.38,1.7596e+01,4.2422e-01
8151.16,1.7943e+01,4.1399e-01
8151.93,1.8160e+01,4.1408e-01
8152.71,1.8390e+01,4.2321e-01
8153.48,1.8404e+01,4.3685e-01
8154.26,1.7846e+01,4.4311e-01
8155.03,1.6750e+01,4.3738e-01
8155.81,1.6788e+01,4.2509e-01
8156.58,1.7931e+01,4.1662e-01
8157.36,1.8408e+01,4.1686e-01
8158.13,1.7833e+01,4.2019e-01
8158.91,1.7043e+01,4.2135e-01
8159.68,1.7769e+01,4.2138e-01
8160.46,1.9030e+01,4.3413e-01
8161.23,1.8514e+01,4.6432e-01
8162.01,1.7431e+01,4.8995e-01
8162.78,1.7354e+01,4.9807e-01
8163.56,1.8570e+01,4.9709e-01
8164.33,1.9480e+01,4.8659e-01
8165.11,1.8597e+01,4.6762e-01
8165.88,1.7777e+01,4.4502e-01
8166.66,1.7583e+01,4.2691e-01
8167.43,1.6818e+01,4.1679e-01
8168.21,1.6361e+01,4.3263e-01
8168.98,1.6621e+01,4.6336e-01
8169.75,1.6432e+01,4.7894e-01
8170.53,1.6090e+01,4.6717e-01
8171.30,1.6521e+01,4.4003e-01
8172.08,1.6796e+01,4.0873e-01
8172.85,1.6553e+01,3.8824e-01
8173.63,1.6348e+01,3.8120e-01
8174.40,1.6670e+01,3.8654e-01
8175.18,1.7533e+01,4.0036e-01
8175.95,1.8312e+01,4.2564e-01
8176.73,1.8684e+01,4.5831e-01
8177.50,1.8826e+01,4.8840e-01
8178.28,1.8571e+01,4.9621e-01
8179.05,1.8153e+01,4.7943e-01
8179.83,1.7954e+01,4.5318e-01
8180.60,1.8183e+01,4.3586e-01
8181.38,1.8604e+01,4.3260e-01
8182.15,1.8998e+01,4.3264e-01
8182.93,1.9007e+01,4.2405e-01
8183.70,1.8366e+01,4.1148e-01
8184.48,1.8189e+01,4.0754e-01
8185.25,1.8944e+01,4.1804e-01
8186.03,1.9616e+01,4.2685e-01
8186.80,1.9039e+01,4.2948e-01
8187.58,1.7033e+01,4.3062e-01
8188.35,1.7146e+01,4.4290e-01
8189.13,1.9575e+01,4.5889e-01
8189.90,1.9670e+01,4.5383e-01
8190.68,1.8266e+01,4.3158e-01
8191.45,1.8036e+01,4.1289e-01
8192.23,1.8317e+01,4.1829e-01
8193.00,1.8367e+01,4.3430e-01
8193.78,1.7688e+01,4.3166e-01
8194.55,1.7477e+01,4.1539e-01
8195.33,1.8482e+01,4.0595e-01
8196.10,1.9541e+01,4.0957e-01
8196.88,2.0282e+01,4.3223e-01
8197.65,2.0843e+01,4.6224e-01
8198.43,2.0389e+01,4.7106e-01
8199.20,1.9380e+01,4.5688e-01
8199.98,1.9179e+01,4.4711e-01
8200.75,1.9327e+01,4.4082e-01
8201.53,1.8911e+01,4.2888e-01
8202.30,1.7954e+01,4.1799e-01
8203.08,1.7251e+01,4.1009e-01
8203.85,1.7728e+01,4.0684e-01
8204.63,1.8083e+01,3.9997e-01
8205.40,1.7521e+01,3.8793e-01
8206.18,1.7119e+01,3.8549e-01
8206.95,1.7138e+01,3.8959e-01
8207.73,1.7365e+01,3.9099e-01
8208.50,1.7134e+01,3.8856e-01
8209.28,1.6732e+01,3.8758e-01
8210.05,1.7046e+01,3.9261e-01
8210.83,1.8044e+01,4.0823e-01
8211.60,1.8833e+01,4.2450e-01
8212.38,1.8197e+01,4.1948e-01
8213.15,1.6731e+01,3.9960e-01
8213.93,1.5985e+01,3.8942e-01
8214.70,1.6710e+01,3.8734e-01
8215.48,1.8058e+01,3.8982e-01
8216.25,1.8150e+01,3.9622e-01
8217.03,1.7708e+01,4.0776e-01
8217.80,1.8066e+01,4.2126e-01
8218.58,1.8079e+01,4.2219e-01
8219.35,1.7764e+01,4.1248e-01
8220.13,1.7827e+01,4.0575e-01
8220.90,1.8274e+01,4.0703e-01
8221.68,1.8854e+01,4.1491e-01
8222.45,1.9440e+01,4.2490e-01
8223.23,1.9553e+01,4.3104e-01
8224.00,1.9112e+01,4.3396e-01
8224.78,1.8383e+01,4.3239e-01
8225.55,1.8280e+01,4.4253e-01
8226.33,1.9376e+01,4.6492e-01
8227.10,2.0688e+01,5.1803e-01
8227.88,2.0969e+01,5.7787e-01
8228.65,1.9661e+01,5.8602e-01
8229.42,1.8512e+01,5.5083e-01
8230.20,1.9536e+01,5.2292e-01
8230.97,1.9848e+01,5.0190e-01
8231.75,1.8376e+01,4.8221e-01
8232.52,1.8423e+01,4.7295e-01
8233.30,1.8804e+01,4.6446e-01
8234.07,1.7816e+01,4.4891e-01
8234.85,1.6882e+01,4.3888e-01
8235.62,1.7275e+01,4.3248e-01
8236.40,1.9191e+01,4.2085e-01
8237.17,2.0149e+01,4.1130e-01
8237.95,1.8850e+01,4.1015e-01
8238.72,1.7585e+01,4.0929e-01
8239.50,1.7046e+01,4.1460e-01
8240.27,1.6707e+01,4.3155e-01
8241.05,1.6384e+01,4.3476e-01
8241.82,1.6202e+01,4.2331e-01
8242.60,1.6855e+01,4.2340e-01
8243.37,1.7637e+01,4.3009e-01
8244.15,1.7728e+01,4.2895e-01
8244.92,1.7571e+01,4.2045e-01
8245.70,1.7084e+01,4.0682e-01
8246.47,1.5974e+01,3.9467e-01
8247.25,1.5983e+01,3.9042e-01
8248.02,1.7320e+01,3.9242e-01
8248.80,1.7906e+01,3.9484e-01
8249.57,1.7525e+01,3.9343e-01
8250.35,1.7165e+01,3.9067e-01
8251.12,1.7511e+01,4.0096e-01
8251.90,1.8221e+01,4.1764e-01
8252.67,1.7983e+01,4.2052e-01
8253.45,1.7702e+01,4.1312e-01
8254.22,1.8141e+01,4.0959e-01
8255.00,1.8169e+01,4.1628e-01
8255.77,1.7932e+01,4.3206e-01
8256.55,1.8097e+01,4.4593e-01
8257.32,1.8387e+01,4.4596e-01
8258.10,1.8446e+01,4.3336e-01
8258.87,1.8288e+01,4.2323e-01
8259.65,1.7760e+01,4.1859e-01
8260.42,1.7116e+01,4.1444e-01
8261.20,1.7574e+01,4.1115e-01
8261.97,1.8537e+01,4.0793e-01
8262.75,1.8349e+01,4.0687e-01
8263.52,1.7990e+01,4.0615e-01
8264.30,1.8178e+01,4.0386e-01
8265.07,1.8032e+01,4.0267e-01
8265.85,1.7361e+01,3.9886e-01
8266.62,1.6567e+01,3.9074e-01
8267.40,1.6493e+01,3.8523e-01
8268.17,1.7197e+01,3.8754e-01
8268.95,1.7760e+01,3.9525e-01
8269.72,1.8246e+01,4.0412e-01
8270.50,1.8819e+01,4.1155e-01
8271.27,1.8930e+01,4.1801e-01
8272.05,1.8774e+01,4.2566e-01
8272.82,1.8776e+01,4.3317e-01
8273.60,1.9106e+01,4.4421e-01
8274.37,1.9528e+01,4.5540e-01
8275.15,1.9718e+01,4.5592e-01
8275.92,1.9207e+01,4.4924e-01
8276.70,1.8183e+01,4.4562e-01
8277.47,1.8518e+01,4.4771e-01
8278.25,1.9571e+01,4.5650e-01
8279.02,1.8967e+01,4.6775e-01
8279.80,1.8004e+01,4.7539e-01
8280.57,1.7819e+01,4.8036e-01
8281.35,1.7108e+01,5.0049e-01
8282.12,1.6139e+01,5.1062e-01
8282.90,1.5781e+01,4.8506e-01
8283.67,1.6263e+01,4.4491e-01
8284.45,1.6936e+01,4.1821e-01
8285.22,1.6689e+01,4.0840e-01
8286.00,1.6591e+01,4.2218e-01
8286.77,1.7626e+01,4.5141e-01
8287.54,1.8509e+01,5.0319e-01
8288.32,1.8656e+01,5.4349e-01
8289.09,1.8388e+01,5.4484e-01
8289.87,1.8039e+01,5.0630e-01
8290.64,1.8077e+01,4.5186e-01
8291.42,1.8417e+01,4.1443e-01
8292.19,1.9079e+01,4.1033e-01
8292.97,1.9781e+01,4.1801e-01
8293.74,1.9539e+01,4.3395e-01
8294.52,1.8595e+01,4.4875e-01
8295.29,1.8450e+01,4.6301e-01
8296.07,1.7726e+01,4.6627e-01
8296.84,1.5968e+01,4.6278e-01
8297.62,1.6391e+01,4.6475e-01
8298.39,1.7640e+01,4.8615e-01
8299.17,1.6729e+01,5.1878e-01
8299.94,1.6195e+01,5.2660e-01
8300.72,1.7218e+01,4.9742e-01
8301.49,1.7920e+01,4.5484e-01
8302.27,1.7928e+01,4.2388e-01
8303.04,1.7636e+01,4.1817e-01
8303.82,1.7682e+01,4.3386e-01
8304.59,1.8041e+01,4.4683e-01
8305.37,1.7934e+01,4.4612e-01
8306.14,1.8002e+01,4.3664e-01
8306.92,1.8421e+01,4.2948e-01
8307.69,1.8183e+01,4.2374e-01
8308.47,1.7692e+01,4.1986e-01
8309.24,1.7760e+01,4.1699e-01
8310.02,1.7362e+01,4.2881e-01
8310.79,1.6591e+01,4.4650e-01
8311.57,1.6764e+01,4.4985e-01
8312.34,1.7124e+01,4.3813e-01
8313.12,1.6803e+01,4.2262e-01
8313.89,1.6341e+01,4.1055e-01
8314.67,1.6095e+01,4.0785e-01
8315.44,1.6136e+01,4.1162e-01
8316.22,1.6627e+01,4.1656e-01
8316.99,1.7349e+01,4.2052e-01
8317.77,1.7901e+01,4.3108e-01
8318.54,1.8032e+01,4.3616e-01
8319.32,1.7851e+01,4.2873e-01
8320.09,1.7635e+01,4.2888e-01
8320.87,1.7566e+01,4.4201e-01
8321.64,1.7608e+01,4.5397e-01
8322.42,1.7145e+01,4.5279e-01
8323.19,1.6175e+01,4.3592e-01
8323.97,1.5937e+01,4.1099e-01
8324.74,1.6204e+01,3.9659e-01
8325.52,1.6091e+01,4.0310e-01
8326.29,1.6188e+01,4.0985e-01
8327.07,1.6636e+01,4.0652e-01
8327.84,1.6691e+01,4.0817e-01
8328.62,1.7181e+01,4.1532e-01
8329.39,1.8357e+01,4.2242e-01
8330.17,1.8352e+01,4.2322e-01
8330.94,1.7156e+01,4.1682e-01
8331.72,1.6245e+01,4.0905e-01
8332.49,1.6254e+01,4.0446e-01
8333.27,1.6940e+01,4.0667e-01
8334.04,1.7020e+01,4.1524e-01
8334.82,1.7343e+01,4.2554e-01
8335.59,1.8862e+01,4.3243e-01
8336.37,1.8800e+01,4.2434e-01
8337.14,1.7396e+01,4.1180e-01
8337.92,1.7657e+01,4.1842e-01
8338.69,1.8089e+01,4.2920e-01
8339.47,1.7268e+01,4.2724e-01
8340.24,1.7204e+01,4.1951e-01
8341.02,1.7482e+01,4.1485e-01
8341.79,1.6777e+01,4.2001e-01
8342.57,1.6506e+01,4.5343e-01
8343.34,1.6978e+01,5.0815e-01
8344.12,1.6776e+01,5.6085e-01
8344.89,1.6302e+01,5.8156e-01
8345.67,1.6318e+01,5.5976e-01
8346.44,1.6868e+01,4.9790e-01
8347.21,1.7087e+01,4.2651e-01
8347.99,1.6157e+01,3.9155e-01
8348.76,1.5116e+01,3.9343e-01
8349.54,1.5132e+01,3.9552e-01
8350.31,1.6423e+01,3.9696e-01
8351.09,1.7399e+01,4.0619e-01
8351.86,1.6627e+01,4.3276e-01
8352.64,1.5521e+01,4.6315e-01
8353.41,1.5035e+01,4.7551e-01
8354.19,1.4420e+01,4.5608e-01
8354.96,1.4751e+01,4.2106e-01
8355.74,1.6079e+01,3.9897e-01
8356.51,1.6064e+01,3.9146e-01
8357.29,1.5189e+01,3.9157e-01
8358.06,1.5586e+01,3.9055e-01
8358.84,1.6153e+01,3.9011e-01
8359.61,1.6202e+01,3.9179e-01
8360.39,1.6718e+01,3.9449e-01
8361.16,1.6875e+01,3.9510e-01
8361.94,1.6005e+01,3.9345e-01
8362.71,1.5297e+01,3.9384e-01
8363.49,1.5220e+01,4.0069e-01
8364.26,1.5157e+01,4.1226e-01
8365.04,1.5404e+01,4.1984e-01
8365.81,1.5874e+01,4.1747e-01
8366.59,1.5982e+01,4.0707e-01
8367.36,1.5613e+01,3.9586e-01
8368.14,1.5146e+01,3.9087e-01
8368.91,1.5214e+01,3.9103e-01
8369.69,1.5706e+01,3.9218e-01
8370.46,1.5518e+01,3.9417e-01
8371.24,1.5694e+01,3.9498e-01
8372.01,1.6847e+01,3.9450e-01
8372.79,1.6412e+01,3.9383e-01
8373.56,1.5218e+01,3.9342e-01
8374.34,1.5964e+01,3.9268e-01
8375.11,1.6459e+01,3.9242e-01
8375.89,1.5465e+01,3.9245e-01
8376.66,1.4853e+01,3.9124e-01
8377.44,1.5161e+01,3.9007e-01
8378.21,1.5913e+01,3.9145e-01
8378.99,1.6602e+01,3.9431e-01
8379.76,1.6734e+01,4.0023e-01
8380.54,1.6310e+01,4.0755e-01
8381.31,1.6131e+01,4.2256e-01
8382.09,1.6514e+01,4.4056e-01
8382.86,1.6383e+01,4.4660e-01
8383.64,1.5694e+01,4.3461e-01
8384.41,1.5198e+01,4.1141e-01
8385.19,1.5298e+01,3.9239e-01
8385.96,1.5905e+01,3.8637e-01
8386.74,1.6537e+01,3.8476e-01
8387.51,1.6667e+01,3.8386e-01
8388.29,1.6279e+01,3.8354e-01
8389.06,1.6168e+01,3.8518e-01
8389.84,1.6245e+01,3.8852e-01
8390.61,1.5734e+01,3.9191e-01
8391.39,1.5255e+01,3.9370e-01
8392.16,1.5383e+01,3.9377e-01
8392.94,1.5817e+01,3.9311e-01
8393.71,1.6451e+01,3.9268e-01
8394.49,1.7128e+01,3.9328e-01
8395.26,1.7214e+01,3.9248e-01
8396.04,1.6887e+01,3.9463e-01
8396.81,1.6915e+01,3.9600e-01
8397.59,1.7101e+01,4.2821e-01
8398.36,1.6931e+01,4.8672e-01
8399.14,1.6075e+01,5.4131e-01
8399.91,1.5243e+01,5.5466e-01
8400.69,1.5398e+01,5.1232e-01
8401.46,1.6069e+01,4.4617e-01
8402.24,1.6541e+01,4.0442e-01
8403.01,1.6946e+01,3.9126e-01
8403.79,1.6743e+01,3.9539e-01
8404.56,1.5955e+01,3.9398e-01
8405.34,1.5874e+01,3.9252e-01
8406.11,1.6680e+01,3.9186e-01
8406.88,1.7369e+01,3.9285e-01
8407.66,1.7104e+01,3.9324e-01
8408.43,1.6180e+01,3.9211e-01
8409.21,1.6317e+01,3.9196e-01
8409.98,1.7089e+01,3.9301e-01
8410.76,1.7003e+01,3.9421e-01
8411.53,1.6500e+01,3.9403e-01
8412.31,1.6157e+01,3.9477e-01
8413.08,1.6368e+01,3.9511e-01
8413.86,1.6176e+01,4.0995e-01
8414.63,1.5168e+01,4.3798e-01
8415.41,1.5156e+01,4.5939e-01
8416.18,1.6373e+01,4.5830e-01
8416.96,1.7609e+01,4.3417e-01
8417.73,1.7477e+01,4.0552e-01
8418.51,1.6348e+01,3.9269e-01
8419.28,1.6708e+01,3.9066e-01
8420.06,1.7684e+01,3.9270e-01
8420.83,1.7326e+01,3.9309e-01
8421.61,1.6887e+01,3.9333e-01
8422.38,1.7004e+01,3.9445e-01
8423.16,1.7165e+01,3.9623e-01
8423.93,1.7410e+01,3.9781e-01
8424.71,1.7598e+01,3.9862e-01
8425.48,1.7235e+01,3.9932e-01
8426.26,1.6770e+01,3.9904e-01
8427.03,1.6833e+01,4.0146e-01
8427.81,1.7348e+01,3.9928e-01
8428.58,1.7339e+01,4.2341e-01
8429.36,1.6066e+01,5.0379e-01
8430.13,1.3930e+01,5.7420e-01
8430.91,1.2433e+01,5.8738e-01
8431.68,1.3033e+01,5.3658e-01
8432.46,1.5396e+01,4.5309e-01
8433.23,1.7672e+01,4.0619e-01
8434.01,1.8458e+01,4.0307e-01
8434.78,1.7712e+01,4.0002e-01
8435.56,1.6399e+01,4.0141e-01
8436.33,1.5593e+01,3.9912e-01
8437.11,1.5520e+01,3.9898e-01
8437.88,1.6297e+01,3.9811e-01
8438.66,1.7232e+01,3.9702e-01
8439.43,1.7662e+01,3.9847e-01
8440.21,1.7443e+01,3.9974e-01
8440.98,1.7080e+01,3.9819e-01
8441.76,1.7294e+01,3.9563e-01
8442.53,1.7616e+01,3.9349e-01
8443.31,1.7015e+01,3.9236e-01
8444.08,1.6784e+01,3.9215e-01
8444.86,1.7493e+01,3.9192e-01
8445.63,1.8207e+01,3.9161e-01
8446.41,1.8049e+01,3.9088e-01
8447.18,1.7048e+01,3.9035e-01
8447.96,1.7019e+01,3.9234e-01
8448.73,1.7978e+01,3.9580e-01
8449.51,1.8120e+01,3.9539e-01
8450.28,1.7808e+01,4.0275e-01
8451.06,1.7602e+01,4.2348e-01
8451.83,1.7080e+01,4.5084e-01
8452.61,1.6540e+01,4.6588e-01
8453.38,1.6369e+01,4.5765e-01
8454.16,1.6691e+01,4.3284e-01
8454.93,1.6963e+01,4.0914e-01
8455.71,1.6505e+01,3.9954e-01
8456.48,1.5850e+01,4.0141e-01
8457.26,1.5796e+01,4.0094e-01
8458.03,1.6183e+01,4.0083e-01
8458.81,1.6615e+01,4.0001e-01
8459.58,1.6723e+01,3.9920e-01
8460.36,1.6789e+01,3.9948e-01
8461.13,1.7016e+01,4.0110e-01
8461.91,1.7005e+01,4.0132e-01
8462.68,1.6898e+01,4.0077e-01
8463.46,1.6920e+01,4.0541e-01
8464.23,1.6961e+01,4.5214e-01
8465.00,1.6824e+01,5.1325e-01
8465.78,1.6331e+01,5.4301e-01
8466.55,1.6289e+01,5.1985e-01
8467.33,1.7007e+01,4.5587e-01
8468.10,1.7449e+01,4.0324e-01
8468.88,1.7394e+01,3.9194e-01
8469.65,1.7311e+01,3.8912e-01
8470.43,1.7278e+01,3.9177e-01
8471.20,1.7200e+01,3.9077e-01
8471.98,1.6862e+01,3.9020e-01
8472.75,1.6342e+01,3.9002e-01
8473.53,1.5951e+01,3.9117e-01
8474.30,1.5977e+01,3.9289e-01
8475.08,1.6381e+01,3.9413e-01
8475.85,1.6804e+01,3.9442e-01
8476.63,1.7132e+01,3.9348e-01
8477.40,1.7231e+01,3.9215e-01
8478.18,1.6802e+01,3.9141e-01
8478.95,1.6258e+01,3.9166e-01
8479.73,1.6126e+01,3.9240e-01
8480.50,1.6701e+01,3.9349e-01
8481.28,1.7422e+01,3.9487e-01
8482.05,1.7340e+01,3.9608e-01
8482.83,1.6931e+01,3.9810e-01
8483.60,1.6972e+01,4.0127e-01
8484.38,1.7029e+01,4.0400e-01
8485.15,1.7188e+01,4.0556e-01
8485.93,1.7695e+01,4.0597e-01
8486.70,1.7536e+01,4.0504e-01
8487.48,1.6722e+01,4.0347e-01
8488.25,1.6647e+01,4.0226e-01
8489.03,1.7147e+01,4.0137e-01
8489.80,1.7346e+01,4.0087e-01
8490.58,1.7394e+01,3.9910e-01
8491.35,1.7245e+01,4.0070e-01
8492.13,1.6898e+01,4.0911e-01
8492.90,1.6445e+01,4.2401e-01
8493.68,1.6127e+01,4.3553e-01
8494.45,1.6175e+01,4.3030e-01
8495.23,1.6591e+01,4.1140e-01
8496.00,1.7068e+01,3.9451e-01
8496.78,1.7419e+01,3.8404e-01
8497.55,1.7317e+01,3.7848e-01
8498.33,1.6281e+01,3.7431e-01
8499.10,1.5928e+01,3.7408e-01
8499.88,1.7098e+01,3.8002e-01
8500.65,1.7955e+01,3.8596e-01
8501.43,1.7475e+01,3.8936e-01
8502.20,1.6305e+01,3.9155e-01
8502.98,1.5426e+01,4.0179e-01
8503.75,1.5566e+01,4.2588e-01
8504.53,1.6304e+01,4.6174e-01
8505.30,1.7028e+01,4.8148e-01
8506.08,1.7341e+01,4.6829e-01
8506.85,1.7419e+01,4.3586e-01
8507.63,1.7623e+01,4.0809e-01
8508.40,1.7959e+01,3.9828e-01
8509.18,1.8241e+01,4.0130e-01
8509.95,1.8190e+01,4.0019e-01
8510.73,1.7630e+01,3.9966e-01
8511.50,1.7003e+01,3.9866e-01
8512.28,1.6826e+01,3.9817e-01
8513.05,1.7314e+01,3.9714e-01
8513.83,1.7835e+01,3.9646e-01
8514.60,1.7231e+01,3.9902e-01
8515.38,1.6790e+01,4.0151e-01
8516.15,1.7737e+01,4.0062e-01
8516.93,1.7849e+01,3.9961e-01
8517.70,1.7242e+01,3.9973e-01
8518.48,1.7955e+01,3.9933e-01
8519.25,1.8119e+01,3.9982e-01
8520.03,1.6955e+01,4.0129e-01
8520.80,1.6999e+01,4.0181e-01
8521.58,1.7636e+01,4.0106e-01
8522.35,1.7171e+01,4.0004e-01
8523.13,1.6627e+01,3.9915e-01
8523.90,1.6619e+01,3.9844e-01
8524.67,1.6943e+01,3.9788e-01
8525.45,1.6896e+01,3.9657e-01
8526.22,1.6275e+01,3.9440e-01
8527.00,1.6145e+01,3.9301e-01
8527.77,1.6755e+01,3.9277e-01
8528.55,1.7489e+01,3.9295e-01
8529.32,1.7613e+01,3.9306e-01
8530.10,1.7284e+01,3.9291e-01
8530.87,1.7778e+01,3.9324e-01
8531.65,1.8353e+01,3.9332e-01
8532.42,1.7903e+01,3.9258e-01
8533.20,1.8151e+01,3.9307e-01
8533.97,1.8614e+01,3.9426e-01
8534.75,1.7262e+01,3.9395e-01
8535.52,1.5944e+01,3.9239e-01
8536.30,1.5996e+01,3.9243e-01
8537.07,1.5490e+01,3.9483e-01
8537.85,1.4792e+01,4.0293e-01
8538.62,1.5161e+01,4.1488e-01
8539.40,1.6072e+01,4.1883e-01
8540.17,1.6678e+01,4.0953e-01
8540.95,1.6530e+01,3.9320e-01
8541.72,1.6172e+01,3.8017e-01
8542.50,1.6334e+01,3.7756e-01
8543.27,1.6603e+01,3.8080e-01
8544.05,1.6780e+01,3.8531e-01
8544.82,1.6860e+01,3.9157e-01
8545.60,1.6941e+01,3.9546e-01
8546.37,1.7025e+01,3.9988e-01
8547.15,1.6778e+01,4.0856e-01
8547.92,1.6569e+01,4.2418e-01
8548.70,1.6788e+01,4.4041e-01
8549.47,1.6509e+01,4.4213e-01
8550.25,1.5900e+01,4.2727e-01
8551.02,1.5929e+01,4.0822e-01
8551.80,1.6952e+01,3.9645e-01
8552.57,1.8252e+01,3.9456e-01
8553.35,1.7914e+01,3.9423e-01
8554.12,1.6962e+01,3.9164e-01
8554.90,1.7653e+01,3.9167e-01
8555.67,1.7999e+01,3.9027e-01
8556.45,1.7240e+01,3.8817e-01
8557.22,1.7099e+01,3.9085e-01
8558.00,1.7732e+01,3.9619e-01
8558.77,1.8385e+01,3.9926e-01
8559.55,1.8640e+01,3.9775e-01
8560.32,1.8024e+01,3.9426e-01
8561.10,1.6699e+01,3.9382e-01
8561.87,1.5772e+01,3.9512e-01
8562.65,1.5947e+01,3.9614e-01
8563.42,1.6925e+01,3.9831e-01
8564.20,1.7549e+01,4.0064e-01
8564.97,1.7115e+01,4.0195e-01
8565.75,1.6949e+01,4.0238e-01
8566.52,1.7594e+01,4.0377e-01
8567.30,1.7958e+01,4.0716e-01
8568.07,1.8058e+01,4.1035e-01
8568.85,1.8030e+01,4.1110e-01
8569.62,1.6963e+01,4.1056e-01
8570.40,1.6074e+01,4.0952e-01
8571.17,1.7071e+01,4.0801e-01
8571.95,1.7607e+01,4.0707e-01
8572.72,1.6774e+01,4.0678e-01
8573.50,1.7245e+01,4.0673e-01
8574.27,1.8065e+01,4.0598e-01
8575.05,1.7588e+01,4.0433e-01
8575.82,1.7178e+01,4.0335e-01
8576.60,1.7247e+01,4.0302e-01
8577.37,1.7110e+01,4.0293e-01
8578.15,1.6781e+01,3.9968e-01
8578.92,1.6584e+01,3.9500e-01
8579.70,1.7298e+01,4.0293e-01
8580.47,1.8068e+01,4.1115e-01
8581.25,1.7760e+01,4.0274e-01
8582.02,1.6496e+01,3.9177e-01
8582.80,1.5514e+01,3.8924e-01
8583.57,1.6077e+01,3.8944e-01
8584.34,1.7260e+01,3.9081e-01
8585.12,1.7572e+01,3.9220e-01
8585.89,1.7245e+01,3.9325e-01
8586.67,1.6986e+01,3.9647e-01
8587.44,1.7473e+01,4.0301e-01
8588.22,1.7480e+01,4.0981e-01
8588.99,1.6683e+01,4.1306e-01
8589.77,1.6831e+01,4.1058e-01
8590.54,1.7567e+01,4.0601e-01
8591.32,1.7725e+01,4.0439e-01
8592.09,1.7064e+01,4.0454e-01
8592.87,1.6364e+01,4.0523e-01
8593.64,1.6654e+01,4.0647e-01
8594.42,1.7782e+01,4.0789e-01
8595.19,1.8627e+01,4.1052e-01
8595.97,1.7967e+01,4.1697e-01
8596.74,1.6620e+01,4.2431e-01
8597.52,1.6369e+01,4.2748e-01
8598.29,1.6650e+01,4.2332e-01
8599.07,1.6639e+01,4.1547e-01
8599.84,1.6446e+01,4.1204e-01
8600.62,1.6016e+01,4.1246e-01
8601.39,1.5614e+01,4.1185e-01
8602.17,1.5138e+01,4.0950e-01
8602.94,1.5173e+01,4.0856e-01
8603.72,1.6238e+01,4.1051e-01
8604.49,1.7443e+01,4.2667e-01
8605.27,1.7797e+01,4.4650e-01
8606.04,1.7016e+01,4.3530e-01
8606.82,1.6327e+01,4.0953e-01
8607.59,1.6907e+01,4.0816e-01
8608.37,1.7413e+01,4.0840e-01
8609.14,1.7220e+01,3.9896e-01
8609.92,1.7251e+01,3.9686e-01
8610.69,1.7302e+01,3.9890e-01
8611.47,1.7133e+01,3.9985e-01
8612.24,1.7222e+01,4.0207e-01
8613.02,1.7244e+01,4.0547e-01
8613.79,1.6612e+01,4.0869e-01
8614.57,1.6438e+01,4.1259e-01
8615.34,1.6915e+01,4.1803e-01
8616.12,1.6565e+01,4.2208e-01
8616.89,1.6030e+01,4.2697e-01
8617.67,1.6359e+01,4.3433e-01
8618.44,1.5779e+01,4.4032e-01
8619.22,1.4868e+01,4.4499e-01
8619.99,1.5937e+01,4.4886e-01
8620.77,1.6985e+01,4.5415e-01
8621.54,1.6401e+01,4.6111e-01
8622.32,1.5898e+01,4.6476e-01
8623.09,1.5927e+01,4.6620e-01
8623.87,1.5968e+01,4.6829e-01
8624.64,1.6541e+01,4.7199e-01
8625.42,1.7109e+01,4.7582e-01
8626.19,1.6354e+01,4.7548e-01
8626.97,1.5553e+01,4.7406e-01
8627.74,1.6043e+01,4.7510e-01
8628.52,1.6323e+01,4.7807e-01
8629.29,1.6292e+01,4.7788e-01
8630.07,1.7013e+01,4.7029e-01
8630.84,1.6840e+01,4.6413e-01
8631.62,1.5553e+01,4.6499e-01
8632.39,1.5318e+01,4.6959e-01
8633.17,1.6210e+01,4.6704e-01
8633.94,1.6961e+01,4.5295e-01
8634.72,1.6540e+01,4.4591e-01
8635.49,1.5478e+01,4.5135e-01
8636.27,1.5685e+01,4.5682e-01
8637.04,1.6003e+01,4.5180e-01
8637.82,1.5427e+01,4.3729e-01
8638.59,1.5713e+01,4.3011e-01
8639.37,1.6661e+01,4.3588e-01
8640.14,1.7009e+01,4.4508e-01
8640.92,1.6740e+01,4.4292e-01
8641.69,1.6382e+01,4.2730e-01
8642.46,1.6832e+01,4.1752e-01
8643.24,1.6755e+01,4.1373e-01
8644.01,1.5225e+01,4.0893e-01
8644.79,1.4531e+01,4.0713e-01
8645.56,1.5377e+01,4.1195e-01
8646.34,1.6556e+01,4.2490e-01
8647.11,1.6626e+01,4.3247e-01
8647.89,1.5443e+01,4.3145e-01
8648.66,1.4979e+01,4.3115e-01
8649.44,1.5204e+01,4.4314e-01
8650.21,1.4982e+01,4.6460e-01
8650.99,1.5696e+01,4.7605e-01
8651.76,1.7103e+01,4.6922e-01
8652.54,1.7376e+01,4.5157e-01
8653.31,1.7013e+01,4.4146e-01
8654.09,1.6962e+01,4.5003e-01
8654.86,1.6436e+01,4.7098e-01
8655.64,1.5789e+01,4.8314e-01
8656.41,1.5739e+01,4.7514e-01
8657.19,1.6190e+01,4.5369e-01
8657.96,1.6630e+01,4.4084e-01
8658.74,1.6856e+01,4.5015e-01
8659.51,1.6470e+01,4.7354e-01
8660.29,1.5699e+01,4.8804e-01
8661.06,1.5935e+01,4.7751e-01
8661.84,1.7126e+01,4.4597e-01
8662.61,1.7913e+01,4.1585e-01
8663.39,1.7438e+01,4.1758e-01
8664.16,1.6135e+01,4.4814e-01
8664.94,1.5488e+01,4.8054e-01
8665.71,1.5854e+01,4.8846e-01
8666.49,1.6372e+01,4.7064e-01
8667.26,1.6212e+01,4.3920e-01
8668.04,1.5485e+01,4.2341e-01
8668.81,1.5428e+01,4.3664e-01
8669.59,1.5901e+01,4.6337e-01
8670.36,1.6247e+01,4.7637e-01
8671.14,1.6346e+01,4.7027e-01
8671.91,1.6449e+01,4.4878e-01
8672.69,1.6881e+01,4.2607e-01
8673.46,1.7427e+01,4.1850e-01
8674.24,1.7718e+01,4.2876e-01
8675.01,1.7441e+01,4.4713e-01
8675.79,1.7115e+01,4.5701e-01
8676.56,1.7300e+01,4.5258e-01
8677.34,1.7519e+01,4.3463e-01
8678.11,1.7398e+01,4.1696e-01
8678.89,1.7067e+01,4.1286e-01
8679.66,1.6765e+01,4.2320e-01
8680.44,1.6771e+01,4.3520e-01
8681.21,1.7710e+01,4.4499e-01
8681.99,1.8258e+01,4.4444e-01
8682.76,1.6990e+01,4.3338e-01
8683.54,1.6151e+01,4.1966e-01
8684.31,1.6983e+01,4.1400e-01
8685.09,1.7933e+01,4.1772e-01
8685.86,1.8320e+01,4.2689e-01
8686.64,1.8109e+01,4.3307e-01
8687.41,1.7599e+01,4.3231e-01
8688.19,1.7212e+01,4.2406e-01
8688.96,1.6957e+01,4.1299e-01
8689.74,1.7116e+01,4.0604e-01
8690.51,1.7337e+01,4.0620e-01
8691.29,1.6877e+01,4.1028e-01
8692.06,1.5842e+01,4.1403e-01
8692.84,1.5009e+01,4.1549e-01
8693.61,1.5803e+01,4.1340e-01
8694.39,1.7403e+01,4.0826e-01
8695.16,1.7246e+01,4.0154e-01
8695.94,1.6347e+01,3.9738e-01
8696.71,1.6363e+01,3.9788e-01
8697.49,1.5744e+01,4.0121e-01
8698.26,1.5175e+01,4.0486e-01
8699.04,1.6102e+01,4.0775e-01
8699.81,1.6994e+01,4.0951e-01
8700.59,1.6883e+01,4.1055e-01
8701.36,1.6762e+01,4.1022e-01
8702.13,1.6890e+01,4.0929e-01
8702.91,1.7180e+01,4.0885e-01
8703.68,1.7906e+01,4.1026e-01
8704.46,1.8766e+01,4.1300e-01
8705.23,1.9277e+01,4.1438e-01
8706.01,1.8634e+01,4.1623e-01
8706.78,1.7221e+01,4.1916e-01
8707.56,1.6860e+01,4.1974e-01
8708.33,1.7352e+01,4.1759e-01
8709.11,1.7196e+01,4.1477e-01
8709.88,1.7349e+01,4.1356e-01
8710.66,1.7598e+01,4.1419e-01
8711.43,1.6404e+01,4.1543e-01
8712.21,1.5317e+01,4.1384e-01
8712.98,1.5913e+01,4.0896e-01
8713.76,1.6977e+01,4.0606e-01
8714.53,1.7647e+01,4.0665e-01
8715.31,1.8045e+01,4.0701e-01
8716.08,1.7310e+01,4.1182e-01
8716.86,1.5804e+01,4.1959e-01
8717.63,1.4998e+01,4.2249e-01
8718.41,1.5158e+01,4.1773e-01
8719.18,1.5516e+01,4.0918e-01
8719.96,1.6010e+01,4.0355e-01
8720.73,1.6352e+01,4.0300e-01
8721.51,1.6362e+01,4.0275e-01
8722.28,1.6427e+01,4.0207e-01
8723.06,1.6970e+01,4.0252e-01
8723.83,1.7588e+01,4.0412e-01
8724.61,1.8439e+01,4.1065e-01
8725.38,1.9567e+01,4.2302e-01
8726.16,1.9880e+01,4.2452e-01
8726.93,1.8796e+01,4.1314e-01
8727.71,1.6325e+01,4.0709e-01
8728.48,1.5311e+01,4.0844e-01
8729.26,1.7209e+01,4.0993e-01
8730.03,1.8549e+01,4.1169e-01
8730.81,1.7987e+01,4.1303e-01
8731.58,1.7408e+01,4.1464e-01
8732.36,1.7367e+01,4.1573e-01
8733.13,1.7851e+01,4.1576e-01
8733.91,1.8064e+01,4.1546e-01
8734.68,1.7861e+01,4.1377e-01
8735.46,1.7657e+01,4.1015e-01
8736.23,1.7098e+01,4.0751e-01
8737.01,1.6414e+01,4.0712e-01
8737.78,1.6223e+01,4.0782e-01
8738.56,1.6615e+01,4.0792e-01
8739.33,1.7086e+01,4.0672e-01
8740.11,1.6736e+01,4.0645e-01
8740.88,1.5986e+01,4.0636e-01
8741.66,1.5986e+01,4.0466e-01
8742.43,1.6613e+01,4.0280e-01
8743.21,1.7146e+01,4.0372e-01
8743.98,1.6925e+01,4.0682e-01
8744.76,1.6422e+01,4.1514e-01
8745.53,1.6497e+01,4.2687e-01
8746.31,1.6897e+01,4.3119e-01
8747.08,1.7329e+01,4.2613e-01
8747.86,1.7725e+01,4.1930e-01
8748.63,1.7515e+01,4.1453e-01
8749.41,1.6834e+01,4.1270e-01
8750.18,1.6948e+01,4.1248e-01
8750.96,1.7372e+01,4.1173e-01
8751.73,1.6848e+01,4.1018e-01
8752.51,1.7078e+01,4.1268e-01
8753.28,1.8117e+01,4.1865e-01
8754.06,1.7742e+01,4.2179e-01
8754.83,1.7023e+01,4.2006e-01
8755.61,1.7347e+01,4.1693e-01
8756.38,1.7063e+01,4.1159e-01
8757.16,1.6276e+01,4.1476e-01
8757.93,1.6298e+01,4.3338e-01
8758.71,1.6654e+01,4.5258e-01
8759.48,1.6435e+01,4.6829e-01
8760.25,1.5214e+01,4.9182e-01
8761.03,1.3907e+01,5.1867e-01
8761.80,1.3742e+01,5.3479e-01
8762.58,1.4799e+01,5.1625e-01
8763.35,1.6091e+01,4.6917e-01
8764.13,1.6590e+01,4.3076e-01
8764.90,1.6150e+01,4.2380e-01
8765.68,1.5597e+01,4.4628e-01
8766.45,1.6191e+01,4.9512e-01
8767.23,1.6836e+01,5.4294e-01
8768.00,1.5593e+01,5.7100e-01
8768.78,1.5006e+01,5.5513e-01
8769.55,1.6040e+01,5.0207e-01
8770.33,1.6450e+01,4.4989e-01
8771.10,1.5881e+01,4.2354e-01
8771.88,1.5145e+01,4.1504e-01
8772.65,1.5575e+01,4.1579e-01
8773.43,1.6609e+01,4.1371e-01
8774.20,1.6357e+01,4.1596e-01
8774.98,1.5541e+01,4.3308e-01
8775.75,1.5374e+01,4.6793e-01
8776.53,1.6020e+01,4.9925e-01
8777.30,1.6767e+01,5.3073e-01
8778.08,1.6773e+01,5.6277e-01
8778.85,1.5673e+01,5.6565e-01
8779.63,1.4764e+01,5.3066e-01
8780.40,1.5968e+01,4.7432e-01
8781.18,1.7488e+01,4.2774e-01
8781.95,1.7278e+01,4.1339e-01
8782.73,1.6767e+01,4.1581e-01
8783.50,1.6640e+01,4.1462e-01
8784.28,1.6641e+01,4.1381e-01
8785.05,1.6690e+01,4.1301e-01
8785.83,1.6653e+01,4.1368e-01
8786.60,1.6843e+01,4.1363e-01
8787.38,1.6723e+01,4.1229e-01
8788.15,1.5951e+01,4.1257e-01
8788.93,1.5716e+01,4.1418e-01
8789.70,1.5965e+01,4.2653e-01
8790.48,1.5446e+01,4.5407e-01
8791.25,1.5237e+01,4.7575e-01
8792.03,1.5956e+01,4.7532e-01
8792.80,1.5925e+01,4.5320e-01
8793.58,1.5646e+01,4.2488e-01
8794.35,1.6394e+01,4.1098e-01
8795.13,1.7079e+01,4.1012e-01
8795.90,1.7014e+01,4.1100e-01
8796.68,1.6497e+01,4.1258e-01
8797.45,1.6446e+01,4.1288e-01
8798.23,1.7204e+01,4.1378e-01
8799.00,1.6717e+01,4.1363e-01
8799.78,1.5744e+01,4.1354e-01
8800.55,1.6790e+01,4.1521e-01
8801.33,1.7349e+01,4.1661e-01
8802.10,1.6120e+01,4.1640e-01
8802.88,1.5784e+01,4.1632e-01
8803.65,1.6253e+01,4.1614e-01
8804.43,1.6244e+01,4.1505e-01
8805.20,1.5967e+01,4.1362e-01
8805.98,1.5742e+01,4.1197e-01
8806.75,1.5797e+01,4.0946e-01
8807.53,1.6176e+01,4.0979e-01
8808.30,1.6670e+01,4.1473e-01
8809.08,1.7222e+01,4.2083e-01
8809.85,1.7470e+01,4.2544e-01
8810.63,1.7194e+01,4.2797e-01
8811.40,1.6773e+01,4.2589e-01
8812.18,1.6633e+01,4.2091e-01
8812.95,1.6921e+01,4.1768e-01
8813.73,1.6916e+01,4.1664e-01
8814.50,1.6215e+01,4.1530e-01
8815.28,1.6092e+01,4.1369e-01
8816.05,1.6827e+01,4.1157e-01
8816.83,1.7585e+01,4.0998e-01
8817.60,1.7457e+01,4.0924e-01
8818.38,1.6448e+01,4.0932e-01
8819.15,1.5779e+01,4.1019e-01
8819.92,1.5778e+01,4.1129e-01
8820.70,1.5858e+01,4.1232e-01
8821.47,1.6228e+01,4.1347e-01
8822.25,1.6300e+01,4.1546e-01
8823.02,1.5010e+01,4.1876e-01
8823.80,1.4484e+01,4.1893e-01
8824.57,1.5836e+01,4.3720e-01
8825.35,1.6235e+01,4.9550e-01
8826.12,1.4560e+01,6.0002e-01
8826.90,1.2171e+01,7.1177e-01
8827.67,1.1819e+01,7.4371e-01
8828.45,1.3990e+01,6.7403e-01
8829.22,1.5455e+01,5.4760e-01
8830.00,1.5923e+01,4.3900e-01
8830.77,1.6595e+01,4.2044e-01
8831.55,1.6057e+01,4.4311e-01
8832.32,1.5070e+01,4.3983e-01
8833.10,1.5522e+01,4.4351e-01
8833.87,1.6097e+01,4.4232e-01
8834.65,1.5562e+01,4.4652e-01
8835.42,1.5160e+01,4.8023e-01
8836.20,1.5314e+01,5.2362e-01
8836.97,1.5680e+01,5.4453e-01
8837.75,1.6247e+01,5.2088e-01
8838.52,1.6569e+01,4.6319e-01
8839.30,1.6096e+01,4.1982e-01
8840.07,1.5482e+01,4.0817e-01
8840.85,1.5596e+01,4.0516e-01
8841.62,1.6707e+01,4.0893e-01
8842.40,1.7848e+01,4.0973e-01
8843.17,1.7740e+01,4.1099e-01
8843.95,1.7162e+01,4.1394e-01
8844.72,1.7102e+01,4.1930e-01
8845.50,1.7266e+01,4.2318e-01
8846.27,1.7358e+01,4.2420e-01
8847.05,1.7129e+01,4.2477e-01
8847.82,1.6582e+01,4.2762e-01
8848.60,1.6120e+01,4.3993e-01
8849.37,1.6191e+01,4.6322e-01
8850.15,1.6587e+01,4.7874e-01
8850.92,1.6889e+01,4.7434e-01
8851.70,1.7533e+01,4.5651e-01
8852.47,1.7804e+01,4.3849e-01
8853.25,1.6966e+01,4.3062e-01
8854.02,1.6214e+01,4.3064e-01
8854.80,1.6481e+01,4.2975e-01
8855.57,1.7525e+01,4.2870e-01
8856.35,1.7952e+01,4.2604e-01
8857.12,1.6999e+01,4.2307e-01
8857.90,1.6496e+01,4.1978e-01
8858.67,1.6999e+01,4.1663e-01
8859.45,1.7431e+01,4.1472e-01
8860.22,1.7176e+01,4.1457e-01
8861.00,1.6527e+01,4.1545e-01
8861.77,1.7046e+01,4.1646e-01
8862.55,1.8038e+01,4.1693e-01
8863.32,1.7899e+01,4.1786e-01
8864.10,1.7441e+01,4.1437e-01
8864.87,1.7137e+01,4.1264e-01
8865.65,1.6609e+01,4.1606e-01
8866.42,1.6091e+01,4.4513e-01
8867.20,1.5785e+01,4.8941e-01
8867.97,1.5127e+01,5.1497e-01
8868.75,1.4895e+01,5.0386e-01
8869.52,1.6275e+01,4.6220e-01
8870.30,1.6750e+01,4.2468e-01
8871.07,1.5638e+01,4.1982e-01
8871.85,1.6304e+01,4.2306e-01
8872.62,1.7181e+01,4.2409e-01
8873.40,1.5899e+01,4.2439e-01
8874.17,1.5579e+01,4.2504e-01
8874.95,1.6669e+01,4.2718e-01
8875.72,1.6618e+01,4.2934e-01
8876.50,1.6277e+01,4.3125e-01
8877.27,1.6688e+01,4.3270e-01
8878.05,1.7206e+01,4.3271e-01
8878.82,1.7554e+01,4.3252e-01
8879.59,1.7732e+01,4.3340e-01
8880.37,1.6985e+01,4.3432e-01
8881.14,1.5901e+01,4.3436e-01
8881.92,1.6319e+01,4.3646e-01
8882.69,1.6916e+01,4.2992e-01
8883.47,1.6057e+01,4.2684e-01
8884.24,1.4936e+01,4.6504e-01
8885.02,1.4403e+01,5.5443e-01
8885.79,1.4819e+01,6.5615e-01
8886.57,1.3950e+01,6.8212e-01
8887.34,1.1991e+01,6.1149e-01
8888.12,1.3456e+01,5.0606e-01
8888.89,1.6677e+01,4.3105e-01
8889.67,1.7634e+01,4.1376e-01
8890.44,1.6921e+01,4.2660e-01
8891.22,1.6226e+01,4.2190e-01
8891.99,1.6809e+01,4.2245e-01
8892.77,1.7249e+01,4.2070e-01
8893.54,1.6308e+01,4.1802e-01
8894.32,1.5865e+01,4.1917e-01
8895.09,1.6419e+01,4.2478e-01
8895.87,1.7116e+01,4.3070e-01
8896.64,1.7454e+01,4.3320e-01
8897.42,1.7179e+01,4.3230e-01
8898.19,1.6588e+01,4.3135e-01
8898.97,1.6147e+01,4.3189e-01
8899.74,1.6056e+01,4.3614e-01
8900.52,1.6839e+01,4.3267e-01
8901.29,1.7218e+01,4.4335e-01
8902.07,1.5535e+01,4.8489e-01
8902.84,1.4201e+01,5.3879e-01
8903.62,1.5057e+01,5.7068e-01
8904.39,1.6117e+01,5.5205e-01
8905.17,1.6993e+01,4.9893e-01
8905.94,1.8020e+01,4.5959e-01
8906.72,1.8245e+01,4.4485e-01
8907.49,1.7498e+01,4.4393e-01
8908.27,1.6217e+01,4.4562e-01
8909.04,1.5809e+01,4.4466e-01
8909.82,1.6607e+01,4.4375e-01
8910.59,1.6712e+01,4.4046e-01
8911.37,1.5798e+01,4.3472e-01
8912.14,1.5098e+01,4.2909e-01
8912.92,1.5693e+01,4.2592e-01
8913.69,1.6872e+01,4.2526e-01
8914.47,1.5802e+01,4.2644e-01
8915.24,1.4316e+01,4.2585e-01
8916.02,1.5146e+01,4.2820e-01
8916.79,1.5528e+01,4.1762e-01
8917.57,1.4732e+01,4.3691e-01
8918.34,1.5038e+01,5.0606e-01
8919.12,1.4424e+01,6.1377e-01
8919.89,1.2353e+01,6.9769e-01
8920.67,1.2277e+01,6.8687e-01
8921.44,1.4234e+01,5.9402e-01
8922.22,1.5776e+01,4.9907e-01
8922.99,1.6688e+01,4.4491e-01
8923.77,1.7191e+01,4.3742e-01
8924.54,1.7529e+01,4.4399e-01
8925.32,1.7614e+01,4.4482e-01
8926.09,1.7319e+01,4.4495e-01
8926.87,1.7878e+01,4.4575e-01
8927.64,1.8298e+01,4.4654e-01
8928.42,1.6681e+01,4.4462e-01
8929.19,1.5215e+01,4.4048e-01
8929.97,1.5589e+01,4.3640e-01
8930.74,1.6696e+01,4.3507e-01
8931.52,1.7247e+01,4.3550e-01
8932.29,1.6705e+01,4.3508e-01
8933.07,1.6390e+01,4.3446e-01
8933.84,1.6879e+01,4.3415e-01
8934.62,1.7256e+01,4.3410e-01
8935.39,1.7095e+01,4.3516e-01
8936.17,1.6580e+01,4.3698e-01
8936.94,1.6788e+01,4.3760e-01
8937.71,1.7453e+01,4.3655e-01
8938.49,1.7567e+01,4.3561e-01
8939.26,1.6486e+01,4.3239e-01
8940.04,1.4995e+01,4.3060e-01
8940.81,1.5230e+01,4.3213e-01
8941.59,1.5897e+01,4.4831e-01
8942.36,1.5068e+01,4.7744e-01
8943.14,1.3437e+01,5.1943e-01
8943.91,1.2515e+01,5.4419e-01
8944.69,1.3528e+01,5.2490e-01
8945.46,1.4485e+01,4.7832e-01
8946.24,1.3982e+01,4.4120e-01
8947.01,1.3893e+01,4.2737e-01
8947.79,1.4626e+01,4.3332e-01
8948.56,1.5459e+01,4.3814e-01
8949.34,1.4931e+01,4.4721e-01
8950.11,1.3408e+01,4.5580e-01
8950.89,1.3087e+01,4.5374e-01
8951.66,1.3709e+01,4.4520e-01
8952.44,1.4042e+01,4.3941e-01
8953.21,1.4358e+01,4.3817e-01
8953.99,1.4206e+01,4.3714e-01
8954.76,1.3296e+01,4.3396e-01
8955.54,1.2883e+01,4.3003e-01
8956.31,1.3732e+01,4.5701e-01
8957.09,1.5621e+01,5.3916e-01
8957.86,1.6214e+01,6.2335e-01
8958.64,1.4315e+01,6.6031e-01
8959.41,1.3129e+01,6.2385e-01
8960.19,1.4152e+01,5.3384e-01
8960.96,1.5786e+01,4.5594e-01
8961.74,1.5870e+01,4.4027e-01
8962.51,1.3957e+01,4.6031e-01
8963.29,1.2716e+01,4.7068e-01
8964.06,1.3034e+01,4.5845e-01
8964.84,1.3822e+01,4.5580e-01
8965.61,1.3854e+01,4.5674e-01
8966.39,1.3289e+01,4.5320e-01
8967.16,1.3888e+01,4.3829e-01
8967.94,1.5466e+01,4.2755e-01
8968.71,1.6682e+01,4.3560e-01
8969.49,1.6373e+01,4.3825e-01
8970.26,1.5111e+01,4.3832e-01
8971.04,1.4710e+01,4.5638e-01
8971.81,1.4279e+01,4.6927e-01
8972.59,1.3301e+01,4.6256e-01
8973.36,1.3329e+01,4.4721e-01
8974.14,1.3809e+01,4.3546e-01
8974.91,1.3678e+01,4.3438e-01
8975.69,1.3988e+01,4.3908e-01
8976.46,1.5042e+01,4.4346e-01
8977.24,1.5844e+01,4.4846e-01
8978.01,1.6473e+01,4.5297e-01
8978.79,1.6894e+01,4.5605e-01
8979.56,1.6216e+01,4.5385e-01
8980.34,1.4773e+01,4.4878e-01
8981.11,1.3619e+01,4.4574e-01
8981.89,1.3485e+01,4.4756e-01
8982.66,1.4136e+01,4.5176e-01
8983.44,1.4740e+01,4.5431e-01
8984.21,1.4842e+01,4.5049e-01
8984.99,1.4640e+01,4.4966e-01
8985.76,1.3743e+01,4.4128e-01
8986.54,1.3082e+01,4.7832e-01
8987.31,1.3971e+01,5.8765e-01
8988.09,1.4479e+01,6.5492e-01
8988.86,1.3274e+01,6.4029e-01
8989.64,1.1928e+01,5.8574e-01
8990.41,1.1549e+01,5.6305e-01
8991.19,1.2247e+01,6.0569e-01
8991.96,1.2307e+01,6.1203e-01
8992.74,1.1556e+01,5.4019e-01
8993.51,1.2033e+01,4.6527e-01
8994.29,1.3133e+01,4.3469e-01
8995.06,1.3632e+01,4.5046e-01
8995.84,1.3925e+01,4.1829e-01
8996.61,1.3889e+01,4.0568e-01
8997.38,1.3300e+01,5.3365e-01
8998.16,1.2900e+01,6.0748e-01
8998.93,1.2735e+01,6.3374e-01
